,loss,accuracy,val_loss,val_accuracy,lr,mov_ave_accuracy,mov_ave_val_accuracy,mov_std_accuracy,mov_std_val_accuracy,mov_ave_loss,mov_ave_val_loss,mov_std_loss,mov_std_val_loss
0,0.7197545766830444,0.7708333134651184,0.6968612670898438,0.7777777910232544,0.0005,,,,,,,,
1,0.2965191602706909,0.9027777910232544,0.577279806137085,0.7951388955116272,0.0005,,,,,,,,
2,0.257234662771225,0.9131944179534912,0.5819885730743408,0.7951388955116272,0.0005,,,,,,,,
3,0.25293460488319397,0.9027777910232544,0.5519116520881653,0.7986111044883728,0.0005,,,,,,,,
4,0.2198592871427536,0.90625,0.5139352083206177,0.8229166865348816,0.0005,,,,,,,,
5,0.12387483566999435,0.9548611044883728,0.48751673102378845,0.8333333134651184,0.0005,,,,,,,,
6,0.12985806167125702,0.9444444179534912,0.4871100187301636,0.8194444179534912,0.0005,,,,,,,,
7,0.12417241930961609,0.9513888955116272,0.4887953996658325,0.8194444179534912,0.0005,,,,,,,,
8,0.1294918805360794,0.9409722089767456,0.4232262969017029,0.8576388955116272,0.0005,,,,,,,,
9,0.06044040620326996,0.9895833134651184,0.41299688816070557,0.8611111044883728,0.0005,,,,,,,,
10,0.09646061807870865,0.9722222089767456,0.42578399181365967,0.8576388955116272,0.0005,,,,,,,,
11,0.06646761298179626,0.9861111044883728,0.4372626543045044,0.8506944179534912,0.0005,,,,,,,,
12,0.0731392502784729,0.9861111044883728,0.41871029138565063,0.8576388955116272,0.0005,,,,,,,,
13,0.05943005532026291,0.9895833134651184,0.40284067392349243,0.8611111044883728,0.0005,,,,,,,,
14,0.07526300102472305,0.9791666865348816,0.39672374725341797,0.8576388955116272,0.0005,,,,,,,,
15,0.054807618260383606,0.9826388955116272,0.41618454456329346,0.8506944179534912,0.0005,,,,,,,,
16,0.05513155087828636,0.9826388955116272,0.4106521010398865,0.8541666865348816,0.0005,,,,,,,,
17,0.052989840507507324,0.9861111044883728,0.396230012178421,0.8611111044883728,0.0005,,,,,,,,
18,0.053285472095012665,0.9895833134651184,0.3889288306236267,0.8576388955116272,0.0005,,,,,,,,
19,0.04497707262635231,0.9930555820465088,0.3838520348072052,0.8506944179534912,0.0005,0.9512152731418609,0.8369791626930236,0.051903337131041456,0.026500015578832713,0.14730459935963153,0.4649395361542702,0.1517417355138369,0.08106342531456379
20,0.056595999747514725,0.9826388955116272,0.37310412526130676,0.8576388955116272,0.0005,0.9618055522441864,0.8409722179174424,0.03169056684842006,0.02307395595212957,0.11414667051285506,0.4487516790628433,0.07715283356198992,0.0635730672313657
21,0.05210612341761589,0.9826388955116272,0.362780898809433,0.8576388955116272,0.0005,0.965798607468605,0.8440972179174423,0.02891081315003275,0.02077248307844951,0.1019260186702013,0.4380267336964607,0.06582310094757762,0.05890742911127797
22,0.048875078558921814,0.9895833134651184,0.36166414618492126,0.8576388955116272,0.0005,0.9696180522441864,0.8472222179174423,0.026667818299259485,0.01763670641611201,0.09150803945958615,0.4270105123519897,0.056203449122200586,0.051029792773531917
23,0.050040509551763535,0.9930555820465088,0.3593370020389557,0.8645833134651184,0.0005,0.9741319417953491,0.8505208283662796,0.0222459479033787,0.014038908319560745,0.08136333469301463,0.4173817798495293,0.04288313956604136,0.04427524958077939
24,0.04329170659184456,1.0,0.36300066113471985,0.8611111044883728,0.0005,0.9788194417953491,0.8524305492639541,0.016612328630822387,0.012686692949808825,0.07253495566546916,0.4098350524902344,0.02957092125470984,0.0398130846300862
25,0.03495759516954422,0.9930555820465088,0.3694300949573517,0.8541666865348816,0.0005,0.980729165673256,0.8534722179174423,0.015929711403079017,0.011907249568747084,0.06808909364044666,0.40393072068691255,0.02816890895747998,0.03647089859587873
26,0.03591044992208481,0.9930555820465088,0.3695327937602997,0.84375,0.0005,0.9831597238779068,0.8546874970197678,0.01377011159632271,0.009334731197964779,0.06339171305298805,0.39805185943841936,0.025148062201081473,0.031761399882654175
27,0.02772231213748455,1.0,0.3688720166683197,0.8541666865348816,0.0005,0.9855902791023254,0.8564236104488373,0.012141616157483721,0.004693926690323229,0.058569207694381474,0.3920556902885437,0.022092285304297847,0.02457002512383989
28,0.03566809371113777,0.9930555820465088,0.3627058267593384,0.8645833134651184,0.0005,0.9881944477558136,0.8567708313465119,0.006624581258896525,0.005016729731493436,0.053878018353134396,0.3890296667814255,0.015517202952343392,0.02426972815974715
29,0.03658716008067131,0.9895833134651184,0.36088886857032776,0.8576388955116272,0.0005,0.9881944477558136,0.8565972208976745,0.006624581258896525,0.004922724330423614,0.05268535604700446,0.3864242658019066,0.015879439107313938,0.024353756011130212
30,0.034660086035728455,0.9930555820465088,0.36131513118743896,0.8645833134651184,0.0005,0.9892361164093018,0.8569444417953491,0.005588015213015592,0.005219892901802116,0.04959532944485545,0.38320082277059553,0.012768718088071913,0.02316848888775253
31,0.0409766286611557,0.9895833134651184,0.3592320382595062,0.8680555820465088,0.0005,0.989409726858139,0.8578125,0.00554197760257376,0.005541975175195195,0.048320780228823426,0.37929929196834566,0.01228397690005025,0.02010343216587462
32,0.026002882048487663,1.0,0.36995017528533936,0.875,0.0005,0.9901041716337204,0.8586805552244187,0.005940952026833908,0.006687972028681053,0.045963961817324164,0.3768612861633301,0.011808814573669557,0.01802534515416322
33,0.025860747322440147,0.9965277910232544,0.36521169543266296,0.8715277910232544,0.0005,0.9904513955116272,0.8592013895511628,0.00610114138544938,0.007239813281972412,0.044285496417433026,0.3749798372387886,0.012156110951967744,0.017158450881738
34,0.03497957065701485,0.9861111044883728,0.3423706293106079,0.875,0.0005,0.9907986164093018,0.8600694447755813,0.005628324557743293,0.008001194392696004,0.04227132489904761,0.3722621813416481,0.010003192975208571,0.0177919904461166
35,0.034760732203722,0.9895833134651184,0.33339694142341614,0.8715277910232544,0.0005,0.9911458373069764,0.8611111134290695,0.005319987855383131,0.008068715304612178,0.04126898059621453,0.36812280118465424,0.009696478389988824,0.01668793276882937
36,0.04735498130321503,0.9895833134651184,0.3400653302669525,0.8680555820465088,0.0005,0.9914930582046508,0.8618055582046509,0.004968438339356534,0.008038777400515855,0.04088015211746097,0.36459346264600756,0.009279759321805815,0.01466133984268366
37,0.03071003407239914,0.9930555820465088,0.35642892122268677,0.8680555820465088,0.0005,0.9918402820825577,0.8621527820825576,0.004820644962887231,0.008150484910521753,0.03976616179570556,0.36260340809822084,0.00909463006619844,0.012817331719055655
38,0.03980661556124687,0.9895833134651184,0.36459627747535706,0.8645833134651184,0.0005,0.9918402820825577,0.8625000029802322,0.004820644962887231,0.008098546626783117,0.03909221896901727,0.36138678044080735,0.008550999437742105,0.011329209698835387
39,0.016396980732679367,1.0,0.36355435848236084,0.8645833134651184,0.0005,0.9921875029802323,0.8631944477558136,0.005135490008842445,0.00763888873838919,0.03766321437433362,0.36037189662456515,0.009751905149991616,0.010115411028756011
40,0.020583543926477432,0.9965277910232544,0.3619033098220825,0.8611111044883728,0.0005,0.9928819477558136,0.8633680582046509,0.0047195459389578346,0.0075495886305910085,0.035862591583281755,0.3598118558526039,0.009408541366747514,0.009696374251780052
41,0.02397065982222557,0.9965277910232544,0.3593766391277313,0.8576388955116272,0.0005,0.993576392531395,0.8633680582046509,0.00414854950751244,0.007549588630591008,0.03445581840351224,0.35964164286851885,0.008967715740271314,0.009672611387135205
42,0.03328476473689079,0.9895833134651184,0.35358020663261414,0.8611111044883728,0.0005,0.993576392531395,0.8635416686534881,0.00414854950751244,0.007455177707400266,0.03367630271241069,0.35923744589090345,0.00833577207274003,0.00974825934865698
43,0.022819047793745995,0.9965277910232544,0.3503193259239197,0.8611111044883728,0.0005,0.9937500029802322,0.8633680582046509,0.004195509254329606,0.007469314893169904,0.03231522962450981,0.3587865620851517,0.00775481863375617,0.009939889925866082
44,0.02378831058740616,0.9965277910232544,0.3370738625526428,0.8645833134651184,0.0005,0.993576392531395,0.8635416686534881,0.004000604891571077,0.007455177707400266,0.03134005982428789,0.3574902221560478,0.007536413005252005,0.01094554927977655
45,0.01695198565721512,1.0,0.33831703662872314,0.8611111044883728,0.0005,0.9939236134290695,0.8638888895511627,0.00423483784980701,0.007166587745849726,0.030439779348671436,0.3559345692396164,0.008104537115968176,0.011341848045063475
46,0.019508467987179756,1.0,0.34843242168426514,0.8611111044883728,0.00045000002,0.9942708343267441,0.8647569447755814,0.004429643216590906,0.0055419780693701185,0.029619680251926184,0.35487955063581467,0.0083360197884588,0.011004225470895712
47,0.028216511011123657,0.9965277910232544,0.353210985660553,0.8680555820465088,0.00045000002,0.9940972238779068,0.8654513895511627,0.004266746318831223,0.005016735919606415,0.02964439019560814,0.35409649908542634,0.00833108991909772,0.010527561857051117
48,0.01536544505506754,1.0,0.35902613401412964,0.8715277910232544,0.00045000002,0.9944444447755814,0.8657986134290695,0.004446622224746514,0.005182232125602285,0.028629257762804627,0.3539125144481659,0.00876109176405203,0.010406956672532313
49,0.02465740405023098,0.9965277910232544,0.3614618182182312,0.8715277910232544,0.00045000002,0.9947916686534881,0.8664930582046508,0.004322889252193201,0.0049684404221009,0.02803276996128261,0.3539411619305611,0.00860367955188038,0.010426890717489232
50,0.01273737195879221,1.0,0.361056387424469,0.8645833134651184,0.00045000002,0.9951388895511627,0.8664930582046508,0.004446621759308048,0.0049684404221009,0.0269366342574358,0.3539282247424126,0.009073212354805533,0.0104178900562933
51,0.022143177688121796,0.9965277910232544,0.3601838946342468,0.8680555820465088,0.00045000002,0.9954861134290696,0.8664930582046508,0.004266744863655515,0.0049684404221009,0.025994961708784105,0.3539758175611496,0.008528143080283202,0.010444152265607501
52,0.02226075902581215,0.9965277910232544,0.35169750452041626,0.8715277910232544,0.00045000002,0.9953125029802322,0.8663194477558136,0.004148550006367918,0.004722741093081852,0.025807855557650326,0.35306318402290343,0.008566879597220732,0.009785087983897862
53,0.018372777849435806,1.0,0.3453652560710907,0.875,0.00045000002,0.9954861134290696,0.8664930582046508,0.004266744863655515,0.0049684404221008996,0.025433457084000112,0.35207086205482485,0.008718665664287487,0.00950509506676304
54,0.012260464020073414,1.0,0.3556244671344757,0.8715277910232544,0.00045000002,0.9961805582046509,0.8663194477558136,0.003787753575940842,0.004722741093081852,0.02429750175215304,0.35273355394601824,0.008879454349527452,0.009264683015303692
55,0.018591731786727905,1.0,0.35319945216178894,0.8715277910232544,0.00045000002,0.996701392531395,0.8663194477558136,0.003553735165973432,0.004722741093081852,0.023489051731303334,0.35372367948293687,0.008622351713999811,0.008134471504658961
56,0.015031455084681511,1.0,0.3394397497177124,0.8715277910232544,0.00040500003,0.997222226858139,0.8664930582046508,0.0032200082788511404,0.004845593535383141,0.021872875420376657,0.35369240045547484,0.006843269726321615,0.008187957962407594
57,0.02284136973321438,0.9930555820465088,0.3325197100639343,0.8715277910232544,0.00040500003,0.997222226858139,0.8666666686534882,0.0032200082788511404,0.004959333504828936,0.02147944220341742,0.3524969398975372,0.006543522083758271,0.00936233108119457
58,0.018296197056770325,1.0,0.3349059522151947,0.8715277910232544,0.00040500003,0.9977430611848831,0.8670138925313949,0.002750515626211499,0.005043702160454853,0.02040392127819359,0.3510124236345291,0.005037194091835632,0.009674807420805879
59,0.01863659732043743,0.9965277910232544,0.3470776081085205,0.8645833134651184,0.00040500003,0.9975694507360459,0.8670138925313949,0.002711890679879325,0.005043702160454853,0.020515902107581495,0.3501885861158371,0.004971335603687609,0.009264573522148713
60,0.027092047035694122,0.9895833134651184,0.35832682251930237,0.8645833134651184,0.00040500003,0.997222226858139,0.8671875029802323,0.0032200082788511404,0.004895102786587866,0.02084132726304233,0.3500097617506981,0.005174005362161816,0.00906918692088671
61,0.015219304710626602,1.0,0.34781399369239807,0.8645833134651184,0.00040500003,0.9973958373069763,0.8675347238779068,0.003271085729978353,0.004429646019890845,0.02040375950746238,0.3494316294789314,0.005260188847622421,0.008818733739080584
62,0.013075162656605244,0.9965277910232544,0.34506332874298096,0.8645833134651184,0.00040500003,0.9977430611848831,0.8677083343267441,0.002750515626211499,0.004238398299091916,0.019393279403448104,0.3490057855844498,0.004586711073976008,0.008813755708227521
63,0.01962842047214508,0.9965277910232544,0.34575361013412476,0.8645833134651184,0.00040500003,0.9977430611848831,0.8678819447755813,0.002750515626211499,0.004030632114949804,0.01923374803736806,0.34877749979496003,0.00451978299614948,0.008835877892402337
64,0.023820552974939346,0.9930555820465088,0.35407277941703796,0.8611111044883728,0.00040500003,0.9975694507360459,0.8677083343267441,0.0029257434230355235,0.004238398299091916,0.019235360156744718,0.34962744563817977,0.004521412689526252,0.008479597471097895
65,0.018226241692900658,0.9965277910232544,0.3571423888206482,0.8611111044883728,0.00040500003,0.9973958402872085,0.8677083343267441,0.0028790116795746725,0.004238398299091916,0.019299072958528996,0.35056871324777605,0.004497703795977039,0.008212492892703245
66,0.01785123534500599,0.9930555820465088,0.3606609106063843,0.8645833134651184,0.00040500003,0.997048619389534,0.8678819447755813,0.0029615799142784006,0.004030632114949804,0.019216211326420308,0.351180137693882,0.0045083359191752746,0.008481487779478545
67,0.016801420599222183,0.9930555820465088,0.3553847670555115,0.8645833134651184,0.00040500003,0.9968750089406967,0.8677083313465118,0.003086173885654435,0.004093701815513318,0.018645456805825234,0.35128882676362994,0.004029965636259296,0.008520654309958155
68,0.017235977575182915,0.9965277910232544,0.34950292110443115,0.8715277910232544,0.00036450004,0.9967013984918595,0.8677083313465118,0.0030020123621702973,0.004093701815513317,0.018738983431831002,0.350812666118145,0.00397407643742341,0.008339124515573922
69,0.018002042546868324,1.0,0.3421937823295593,0.8715277910232544,0.00036450004,0.9968750089406967,0.8677083313465118,0.003086173885654435,0.004093701815513317,0.01840621535666287,0.3498492643237114,0.003736083229963463,0.008164367123926193
70,0.013618233613669872,1.0,0.3411300480365753,0.8680555820465088,0.00036450004,0.9968750089406967,0.8678819447755813,0.003086173885654435,0.004030632114949804,0.01845025843940675,0.3488529473543167,0.0036736667368120453,0.007948930698783281
71,0.024634025990962982,0.9930555820465088,0.3406352996826172,0.8645833134651184,0.00036450004,0.9967013984918595,0.8677083313465118,0.0031965139981615224,0.004093701815513317,0.018574800854548813,0.34787551760673524,0.0038354116998957654,0.007693315195179754
72,0.019593490287661552,1.0,0.346031129360199,0.8680555820465088,0.00036450004,0.9968750089406967,0.8675347208976746,0.0032756820313202973,0.0040006086421581965,0.01844143741764128,0.3475921988487244,0.0037503558667725343,0.007651570974350528
73,0.01616932824254036,1.0,0.35641008615493774,0.8715277910232544,0.00036450004,0.9968750089406967,0.8673611104488372,0.0032756820313202973,0.0037397111876954388,0.01833126493729651,0.3481444403529167,0.0037829775905195936,0.00786647067096052
74,0.011191514320671558,1.0,0.35107022523880005,0.8715277910232544,0.00036450004,0.9968750089406967,0.8673611104488372,0.0032756820313202973,0.0037397111876954388,0.018277817452326418,0.3479167282581329,0.0038748075528051433,0.007711029687807746
75,0.0218813493847847,0.9965277910232544,0.34453466534614563,0.8680555820465088,0.00036450004,0.9967013984918595,0.8671875,0.0031965139981615224,0.0036209601446255,0.018442298332229257,0.34748348891735076,0.003953659649029916,0.007645184196915737
76,0.017510058358311653,0.9965277910232544,0.33781883120536804,0.8680555820465088,0.00036450004,0.9965277880430221,0.8670138895511628,0.003105644785657158,0.003489553523685695,0.018566228495910764,0.34740244299173356,0.0038830177594724735,0.0077380531389756166
77,0.02510768361389637,0.9965277910232544,0.3400838375091553,0.8715277910232544,0.00036450004,0.9967013984918595,0.8670138895511628,0.003002012362170297,0.003489553523685695,0.018679544189944865,0.3477806493639946,0.004036171031677239,0.007165035845134539
78,0.017990538850426674,1.0,0.3385520577430725,0.8680555820465088,0.00032805002,0.9967013984918595,0.8668402791023254,0.003002012362170297,0.0033439997076072266,0.01866426127962768,0.3479629546403885,0.004038171825996426,0.006875678677765826
79,0.0320521742105484,0.9895833134651184,0.3368534445762634,0.8715277910232544,0.00032805002,0.9963541746139526,0.8671875029802323,0.003379846674920716,0.003450465668450342,0.01933504012413323,0.34745174646377563,0.004981832976485555,0.007290095489718777
80,0.012862090021371841,1.0,0.3322582542896271,0.8854166865348816,0.00032805002,0.9968750089406967,0.8682291716337204,0.003086173885654435,0.005205449668128404,0.018623542273417115,0.34614831805229185,0.004837233398789749,0.007554820506602132
81,0.009867463260889053,1.0,0.33109787106513977,0.8854166865348816,0.00032805002,0.9968750089406967,0.8692708402872086,0.003086173885654435,0.00633384180402085,0.018355950200930237,0.34531251192092893,0.005155698376708555,0.00821972109967874
82,0.014608806930482388,1.0,0.3278889060020447,0.8784722089767456,0.00032805002,0.997048619389534,0.8699652850627899,0.003158572320919142,0.006539870973855582,0.018432632414624096,0.34445379078388216,0.005087540060751019,0.009055518235491177
83,0.014916385523974895,0.9965277910232544,0.33296769857406616,0.8611111044883728,0.00032805002,0.997048619389534,0.8697916746139527,0.003158572320919142,0.006723936089452769,0.018197030667215584,0.3438144952058792,0.005135587584905845,0.009386466367740081
84,0.014568514190614223,1.0,0.3415102958679199,0.8611111044883728,0.00032805002,0.9973958402872085,0.8697916746139527,0.0030812873557892408,0.00672393608945277,0.01773442872799933,0.3431863710284233,0.00502368049559757,0.009094781903488294
85,0.012689106166362762,1.0,0.35121414065361023,0.8645833134651184,0.00032805002,0.9975694507360459,0.8699652850627899,0.003124995695237819,0.006539870973855582,0.017457571951672433,0.34288995862007143,0.005140173735894053,0.00872415784950628
86,0.013472210615873337,1.0,0.35670965909957886,0.8645833134651184,0.00032805002,0.9979166716337204,0.8699652850627899,0.002986915416006827,0.006539870973855582,0.017238620715215803,0.3426923960447311,0.005211511594222036,0.008356480632066347
87,0.016431784257292747,1.0,0.3552209436893463,0.8611111044883728,0.00032805002,0.9982638925313949,0.8697916746139527,0.00279939361397066,0.00672393608945277,0.017220138898119332,0.34268420487642287,0.005213684261207996,0.008344106463203025
88,0.007334806025028229,1.0,0.3540784418582916,0.8611111044883728,0.00032805002,0.9984375029802323,0.8692708402872086,0.002794005199134951,0.006968282285832969,0.016725080320611596,0.34291298091411593,0.00564122312427103,0.008587110192834844
89,0.01767219416797161,1.0,0.34794458746910095,0.8576388955116272,0.00032805002,0.9984375029802323,0.8685763955116272,0.0027940051991349516,0.007388174341512464,0.01670858790166676,0.343200521171093,0.005637946961754454,0.008654234394821568
90,0.01125264447182417,1.0,0.3457547724246979,0.8576388955116272,0.00032805002,0.9984375029802323,0.8680555611848831,0.0027940051991349516,0.007764131289712697,0.016590308444574476,0.34343175739049914,0.005725670909841162,0.00865760762535682
91,0.011672468855977058,1.0,0.3457632064819336,0.8680555820465088,0.00032805002,0.9987847238779068,0.8682291746139527,0.002521848310467511,0.007723261477497293,0.01594223058782518,0.34368815273046494,0.005507947909344046,0.008646918825915926
92,0.026618996635079384,0.9930555820465088,0.35412126779556274,0.8680555820465088,0.00032805002,0.9984375029802323,0.8682291746139527,0.0027940051991349516,0.007723261477497294,0.01629350590519607,0.3440926596522331,0.005936933351071155,0.008931606622323077
93,0.01737508550286293,0.9965277910232544,0.3657965660095215,0.8645833134651184,0.00029524503,0.9982638925313949,0.8678819507360458,0.00279939361397066,0.007723261946447772,0.0163537937682122,0.3445619836449623,0.005941486573690398,0.009773451776194262
94,0.015559338964521885,1.0,0.37546396255493164,0.8645833134651184,0.00029524503,0.9982638925313949,0.867534726858139,0.00279939361397066,0.007707636050977338,0.016572185000404714,0.3457816705107689,0.0058268919195463885,0.01181784574981393
95,0.01247791200876236,1.0,0.3831223249435425,0.8611111044883728,0.00029524503,0.9984375029802323,0.8671875029802323,0.0027940051991349516,0.007831773157085333,0.016102013131603598,0.34771105349063874,0.0057585067595123315,0.01433797168579798
96,0.010736752301454544,1.0,0.37830203771591187,0.8645833134651184,0.00029524503,0.9986111134290695,0.8670138895511628,0.0027777768671647498,0.007849072636277177,0.015763347828760745,0.3497352138161659,0.0058639472655160705,0.01560057113524346
97,0.012235958129167557,1.0,0.36889901757240295,0.8680555820465088,0.00029524503,0.9987847238779068,0.8668402791023254,0.0027505167548711853,0.007785453840295061,0.015119761554524302,0.35117597281932833,0.005497996688043686,0.015968943256521387
98,0.019204430282115936,0.9965277910232544,0.36461278796195984,0.8611111044883728,0.00029524503,0.9986111134290695,0.8664930552244187,0.0027777768671647498,0.00787782019999996,0.015180456126108766,0.35247900933027265,0.005535922828878159,0.015948933602199945
99,0.013373687863349915,0.9965277910232544,0.364907830953598,0.8576388955116272,0.00029524503,0.9989583373069764,0.8657986104488373,0.0019332441401022679,0.008014373122083362,0.014246531808748842,0.3538817286491394,0.0039629160927861454,0.015745371644168827
100,0.018656380474567413,0.9965277910232544,0.36957332491874695,0.8645833134651184,0.00029524503,0.998784726858139,0.8647569417953491,0.001987062409905167,0.006631402930628857,0.01453624633140862,0.3557474821805954,0.004061683611935172,0.015276395827499657
101,0.009906504303216934,1.0,0.3709128499031067,0.8645833134651184,0.00029524503,0.998784726858139,0.8637152731418609,0.001987062409905167,0.004642271636754371,0.014538198383525014,0.35773823112249375,0.004059448084081997,0.014509460383817492
102,0.009110791608691216,1.0,0.36837995052337646,0.8645833134651184,0.00029524503,0.998784726858139,0.8630208283662796,0.001987062409905167,0.0031965214439256917,0.014263297617435455,0.3597627833485603,0.004228018005258585,0.012943679074997981
103,0.011833446100354195,1.0,0.36532241106033325,0.8645833134651184,0.00026572053,0.9989583373069764,0.8631944388151169,0.001933244140102268,0.003182345750110067,0.01410915064625442,0.3613805189728737,0.00425749429748722,0.011426653230820795
104,0.012597203254699707,1.0,0.36595451831817627,0.8715277910232544,0.00026572053,0.9989583373069764,0.8637152731418609,0.0019332441401022683,0.0036209501422586107,0.014010585099458694,0.3626027300953865,0.004268523284294954,0.010506159584640943
105,0.011801633983850479,1.0,0.3715663552284241,0.8680555820465088,0.00026572053,0.9989583373069764,0.8638888865709304,0.001933244140102268,0.003739702886489459,0.01396621149033308,0.3636203408241272,0.004286604709371727,0.01033809401801458
106,0.007627854589372873,1.0,0.37170523405075073,0.8645833134651184,0.00026572053,0.9989583373069764,0.8638888865709304,0.0019332441401022683,0.003739702886489459,0.013673993689008058,0.3643701195716858,0.004504012128979648,0.010353473744807254
107,0.007100012619048357,1.0,0.3726266622543335,0.8645833134651184,0.00026572053,0.9989583373069764,0.8640624970197678,0.001933244140102268,0.003686942481505748,0.013207405107095838,0.36524040549993514,0.004674292595431778,0.010279113525724111
108,0.010383476503193378,0.9965277910232544,0.36498594284057617,0.8645833134651184,0.00026572053,0.998784726858139,0.864236107468605,0.001987062409905167,0.0036251111526069057,0.013359838631004095,0.36578578054904937,0.004527707248438123,0.009956731736664889
109,0.006207596976310015,1.0,0.35320982336997986,0.875,0.00026572053,0.998784726858139,0.8651041626930237,0.001987062409905167,0.00400060243428673,0.012786608771421015,0.3660490423440933,0.0046689878963366155,0.009542511541825326
110,0.01255709771066904,1.0,0.34877824783325195,0.8645833134651184,0.00026572053,0.998784726858139,0.8654513835906983,0.001987062409905167,0.0036209544289962673,0.01285183143336326,0.366200216114521,0.004656197528373928,0.009238929623648279
111,0.008693587966263294,1.0,0.34820690751075745,0.8645833134651184,0.00026572053,0.998784726858139,0.8652777701616288,0.001987062409905167,0.0035748782023165932,0.01270288738887757,0.3663224011659622,0.004738459214447746,0.00898038312063133
112,0.007311294320970774,1.0,0.3493134081363678,0.8645833134651184,0.00026572053,0.9991319477558136,0.8651041567325592,0.0015035105905550328,0.003519646871551519,0.01173750227317214,0.36608200818300246,0.0036457627827716672,0.00936009624015638
113,0.01388019509613514,0.9965277910232544,0.3518359661102295,0.8645833134651184,0.00023914847,0.9991319477558136,0.8651041567325592,0.0015035105905550328,0.003519646871551519,0.01156275775283575,0.36538397818803786,0.0034498536221048183,0.009862432135450166
114,0.012080790475010872,1.0,0.3499664068222046,0.8645833134651184,0.00023914847,0.9991319477558136,0.8651041567325592,0.0015035105905550328,0.003519646871551519,0.0113888303283602,0.36410910040140154,0.0033295681538222212,0.010121611796284636
115,0.011710130609571934,1.0,0.34801968932151794,0.8715277910232544,0.00023914847,0.9991319477558136,0.8656249910593032,0.0015035105905550328,0.0036582203690178486,0.011350441258400679,0.3623539686203003,0.0033212056724118595,0.009707464131071368
116,0.011456231586635113,1.0,0.3495122194290161,0.8715277910232544,0.00023914847,0.9991319477558136,0.8659722149372101,0.0015035105905550328,0.003866511296649496,0.011386415222659707,0.3609144777059555,0.003318258860492912,0.009364358306057514
117,0.016179628670215607,0.9965277910232544,0.3541140556335449,0.8680555820465088,0.00023914847,0.9989583373069764,0.8659722149372101,0.00159116604646419,0.003866511296649496,0.011583598749712109,0.3601752296090126,0.0034762938774060143,0.009288130162179935
118,0.010855644941329956,1.0,0.3503384292125702,0.8645833134651184,0.00023914847,0.9991319477558136,0.8661458253860473,0.0015035105905550328,0.0037195028759690264,0.01116615948267281,0.3594615116715431,0.0030054959250541517,0.009466440963240244
119,0.013506777584552765,1.0,0.35075151920318604,0.8680555820465088,0.00023914847,0.9993055582046508,0.8666666597127914,0.001388883590698242,0.0031823574562139666,0.011172813968732953,0.3587536960840225,0.003010519398824736,0.009561515588985537
120,0.009488465264439583,1.0,0.3463892638683319,0.8715277910232544,0.00023914847,0.9994791686534882,0.8670138835906982,0.0012398265948186373,0.003312302501165238,0.01071441820822656,0.35759449303150176,0.00248892818758802,0.009584861471935857
121,0.009713677689433098,1.0,0.34376540780067444,0.8784722089767456,0.00023914847,0.9994791686534882,0.8677083283662796,0.0012398265948186373,0.004093699034950183,0.01070477687753737,0.35623712092638016,0.0024924101594872147,0.009524723556751722
122,0.016064908355474472,0.9965277910232544,0.34232133626937866,0.875,0.00023914847,0.9993055582046508,0.8682291626930236,0.0013888835906982423,0.00431940288082893,0.011052482714876532,0.3549341902136803,0.0027204264509390866,0.009556817879941101
123,0.009915858507156372,1.0,0.3437299132347107,0.8784722089767456,0.00021523362,0.9993055582046508,0.8689236074686051,0.0013888835906982423,0.004770364423130964,0.010956603335216641,0.3538545653223991,0.0027250005061524316,0.00954191870629905
124,0.006154631730169058,1.0,0.3408864438533783,0.8819444179534912,0.00021523362,0.9993055582046508,0.8694444388151169,0.001388883590698242,0.005533814066520039,0.010634474758990108,0.3526011615991592,0.002887945480597417,0.00951658327872726
125,0.011555906385183334,1.0,0.34012433886528015,0.8819444179534912,0.00021523362,0.9993055582046508,0.870138880610466,0.001388883590698242,0.006152794201213916,0.010622188379056752,0.35102906078100204,0.0028834730661217904,0.008825728475619308
126,0.01139857992529869,0.9965277910232544,0.3436410427093506,0.8819444179534912,0.00021523362,0.9991319477558136,0.8710069358348846,0.0015035105905550328,0.006521401374889138,0.010810724645853042,0.349625851213932,0.0028036954985525774,0.007568250757840916
127,0.008412454277276993,1.0,0.34438952803611755,0.8819444179534912,0.00021523362,0.9991319477558136,0.8718749910593033,0.0015035105905550328,0.006759691972053113,0.010876346728764474,0.34821399450302126,0.002730479452694013,0.005495831944003468
128,0.007789105176925659,1.0,0.3442049026489258,0.875,0.00021523362,0.9993055582046508,0.8723958253860473,0.001388883590698242,0.006576627030493609,0.010746628162451088,0.3471749424934387,0.0028112449381270705,0.003982871828336886
129,0.010808983817696571,1.0,0.3461703062057495,0.8715277910232544,0.00021523362,0.9993055582046508,0.8722222149372101,0.001388883590698242,0.0065513716443219286,0.010976697504520416,0.3468229666352272,0.0026115551699961957,0.0037374933230737515
130,0.010702620260417461,1.0,0.348686546087265,0.8819444179534912,0.00021523362,0.9993055582046508,0.8730902701616288,0.0013888835906982419,0.0066313928656699245,0.010883973632007837,0.3468183815479279,0.0025865991892071627,0.003735147320726554
131,0.014198577962815762,0.9930555820465088,0.3567551374435425,0.8819444179534912,0.00021523362,0.9989583373069764,0.8739583253860473,0.0019332441401022677,0.006597213996105445,0.01115922313183546,0.3472457930445671,0.002631382470053977,0.004313838266445597
132,0.011470001190900803,1.0,0.35742267966270447,0.8784722089767456,0.00021523362,0.9989583373069764,0.8746527701616287,0.0019332441401022679,0.006298030945598638,0.011367158475331962,0.3476512566208839,0.002478999382827284,0.004838336421835483
133,0.0068914867006242275,1.0,0.35410308837890625,0.8784722089767456,0.00019371026,0.9991319477558136,0.8753472149372101,0.0018617646504675127,0.005902766129566889,0.011017723055556417,0.3477646127343178,0.0025902021284709086,0.004960077287561888
134,0.006324082612991333,1.0,0.3526022732257843,0.8819444179534912,0.00019371026,0.9991319477558136,0.8762152701616287,0.0018617646504675127,0.005520163380243211,0.01072988766245544,0.3478964060544968,0.0027697121269371085,0.005051014780279862
135,0.00761808268725872,1.0,0.3505784869194031,0.8854166865348816,0.00019371026,0.9991319477558136,0.87690971493721,0.0018617646504675127,0.00575540010149681,0.010525285266339779,0.348024345934391,0.0028399939830958416,0.00508481067964548
136,0.0075566875748336315,1.0,0.35089194774627686,0.8854166865348816,0.00019371026,0.9991319477558136,0.8776041597127915,0.0018617646504675127,0.0059002160824309065,0.010330308065749704,0.3480933323502541,0.0029025584017221516,0.005113805740643582
137,0.0067886607721447945,1.0,0.34957775473594666,0.8819444179534912,0.00019371026,0.9993055582046508,0.8782986015081405,0.001770486132769788,0.005541969480211445,0.009860759670846164,0.34786651730537416,0.002668483704498651,0.004939360701215756
138,0.011688347905874252,0.9965277910232544,0.34513717889785767,0.8784722089767456,0.00019371026,0.9991319477558136,0.8789930462837219,0.0018617646504675127,0.004563685226411582,0.009902394819073379,0.34760645478963853,0.0026900903141672244,0.004939291306241636
139,0.009415608830749989,1.0,0.33992400765419006,0.8715277910232544,0.00019371026,0.9991319477558136,0.8791666567325592,0.0018617646504675127,0.0041954949488711025,0.00969783638138324,0.3470650792121887,0.002560666127761142,0.005153633600018046
140,0.008965235203504562,0.9965277910232544,0.3366377651691437,0.875,0.00019371026,0.9989583373069764,0.8793402671813965,0.0019332441401022679,0.003939857259872095,0.009671674878336489,0.34657750427722933,0.002565340134306273,0.005633455205706255
141,0.0056656356900930405,1.0,0.33721724152565,0.8784722089767456,0.00019371026,0.9989583373069764,0.8793402671813965,0.0019332441401022679,0.003939857259872095,0.009469272778369486,0.3462500959634781,0.002709673906892042,0.005967742702231975
142,0.0072219702415168285,1.0,0.3410128355026245,0.8784722089767456,0.00019371026,0.9991319477558136,0.8795138776302338,0.0018617646504675127,0.003819439086077836,0.009027125872671604,0.3461846709251404,0.0022856589414831643,0.006017421353407413
143,0.006970742717385292,1.0,0.34665942192077637,0.8715277910232544,0.00017433923,0.9991319477558136,0.8791666567325592,0.0018617646504675127,0.0041954949488711025,0.00887987008318305,0.3463311463594437,0.00231829588890879,0.0059914841526157656
144,0.007468990050256252,1.0,0.3464833199977875,0.875,0.00017433923,0.9991319477558136,0.8788194358348846,0.0018617646504675127,0.0042383804761423165,0.00894558799918741,0.34661099016666413,0.0022579548054325834,0.005859905149952414
145,0.009196776896715164,1.0,0.34618082642555237,0.875,0.00017433923,0.9991319477558136,0.8784722149372101,0.0018617646504675127,0.004252579870093206,0.008827631524764002,0.34691381454467773,0.002178741118815252,0.005670291487167176
146,0.006363627966493368,1.0,0.3470425605773926,0.8784722089767456,0.00017433923,0.9993055582046508,0.8782986044883728,0.001770486132769788,0.004177497489438462,0.008575883926823735,0.34708389043807986,0.0021579186505972757,0.005620369804796253
147,0.007489563897252083,1.0,0.3481583595275879,0.875,0.00017433923,0.9993055582046508,0.8779513835906982,0.001770486132769788,0.004148537659211551,0.008529739407822489,0.34727233201265334,0.002170749336928746,0.005589972385369873
148,0.013830762356519699,0.9965277910232544,0.3479803204536438,0.8680555820465088,0.00017433923,0.9991319477558136,0.8776041626930237,0.0018617646504675127,0.00464226383494535,0.008831822266802191,0.34746110290288923,0.002449186373475721,0.005546779521195447
149,0.007487739901989698,1.0,0.3485316038131714,0.8680555820465088,0.00017433923,0.9991319477558136,0.8774305522441864,0.0018617646504675127,0.00492271550162989,0.008665760071016848,0.34757916778326037,0.0024219427572515725,0.005543177296916864
150,0.009258555248379707,1.0,0.3462568521499634,0.8715277910232544,0.00017433923,0.9991319477558136,0.8769097208976746,0.0018617646504675127,0.004968424593164611,0.00859355682041496,0.34745768308639524,0.002381328147182334,0.005544201259854859
151,0.008660047315061092,1.0,0.3465690016746521,0.875,0.00017433923,0.9994791686534882,0.8765625,0.0012398265948186373,0.004845577732256423,0.008316630288027227,0.3469483762979507,0.0020058522849847314,0.005118215417646823
152,0.006433013826608658,1.0,0.3503611087799072,0.8715277910232544,0.00017433923,0.9994791686534882,0.8762152791023254,0.0012398265948186373,0.0049441001722042785,0.008064780919812619,0.34659529775381087,0.0019079382670936283,0.004600896673902948
153,0.006459577940404415,1.0,0.3523627817630768,0.8680555820465088,0.00015690531,0.9994791686534882,0.8756944477558136,0.0012398265948186373,0.005219885765082764,0.00804318548180163,0.3465082824230194,0.001923477302209037,0.004472753751603352
154,0.006963460706174374,1.0,0.35393989086151123,0.8645833134651184,0.00015690531,0.9994791686534882,0.8748263925313949,0.0012398265948186373,0.005541971347415411,0.008075154386460781,0.34657516330480576,0.0018998072184108117,0.004572270450670796
155,0.005543719511479139,1.0,0.355049192905426,0.8645833134651184,0.00015690531,0.9994791686534882,0.8737847238779068,0.0012398265948186373,0.005409869676415408,0.007971436227671802,0.3467986986041069,0.00197698568787595,0.004862593745059675
156,0.007102104369550943,1.0,0.35401058197021484,0.875,0.00015690531,0.9994791686534882,0.8732638895511627,0.0012398265948186373,0.004722725755309923,0.007948707067407667,0.3469546303153038,0.001984223240229201,0.00503818736136918
157,0.011347894556820393,0.9965277910232544,0.3481714725494385,0.8784722089767456,0.00015690531,0.9993055582046508,0.8730902791023254,0.0013888835906982423,0.004456764394343258,0.008176668756641447,0.34688431620597837,0.0020965719029784535,0.005010826676220199
158,0.007679147645831108,1.0,0.3450833857059479,0.875,0.00015690531,0.9994791686534882,0.8729166686534882,0.0012398265948186373,0.0043089095506209305,0.007976208743639291,0.3468816265463829,0.001936804421714579,0.0050117781115565025
159,0.006498381495475769,1.0,0.34424838423728943,0.8680555820465088,0.00015690531,0.9994791686534882,0.8727430582046509,0.0012398265948186373,0.0044296297840707086,0.007830347376875579,0.3470978453755379,0.0019327547355758778,0.004795565084311314
160,0.007036533672362566,1.0,0.3440755605697632,0.8715277910232544,0.00015690531,0.9996527791023254,0.8725694477558136,0.0010416626930236817,0.004405750088090576,0.007733912300318479,0.34746973514556884,0.0019218089485748859,0.004224356620002972
161,0.006717817857861519,1.0,0.3442651033401489,0.8680555820465088,0.00015690531,0.9996527791023254,0.8720486164093018,0.0010416626930236817,0.004291385350643278,0.007786521408706904,0.34782212823629377,0.0018783811928137478,0.0036026115446525582
162,0.006735412869602442,1.0,0.34588220715522766,0.8680555820465088,0.00015690531,0.9996527791023254,0.8715277850627899,0.0010416626930236817,0.004108383141054722,0.007762193540111184,0.34806559681892396,0.0018886581525930305,0.0032847182990835195
163,0.008346916176378727,1.0,0.348075270652771,0.8645833134651184,0.00014121478,0.9996527791023254,0.8711805611848831,0.0010416626930236817,0.004378302399430122,0.007831002213060856,0.3481363892555237,0.0018836322071231245,0.0032688684620520376
164,0.007319304626435041,1.0,0.34898415207862854,0.8645833134651184,0.00014121478,0.9996527791023254,0.8706597268581391,0.0010416626930236817,0.004510547830986451,0.007823517941869796,0.34826143085956573,0.001885352316704568,0.003251025809052483
165,0.004556196741759777,1.0,0.3476446568965912,0.8680555820465088,0.00014121478,0.9996527791023254,0.8703125059604645,0.0010416626930236817,0.004429634222656957,0.007591488934122026,0.3483346223831177,0.0019849920103235017,0.0032196873415805236
166,0.005824712570756674,1.0,0.348664253950119,0.8645833134651184,0.00014121478,0.9996527791023254,0.8696180611848832,0.0010416626930236817,0.004177505292269847,0.007564543164335191,0.348415707051754,0.002005033669207267,0.003206520468834326
167,0.00651382002979517,1.0,0.35045841336250305,0.8680555820465088,0.00014121478,0.9996527791023254,0.8692708402872086,0.0010416626930236817,0.004000598942354796,0.007515755970962346,0.34853070974349976,0.0020180930813928836,0.003236335731059699
168,0.006600967142730951,0.9965277910232544,0.3525833487510681,0.8715277910232544,0.00014121478,0.9996527791023254,0.8694444507360458,0.0010416626930236815,0.004019390502463313,0.007154266210272908,0.34876086115837096,0.0014106386800360523,0.0033506636683096553
169,0.005340737756341696,1.0,0.35118886828422546,0.8715277910232544,0.00014121478,0.9996527791023254,0.8696180611848832,0.0010416626930236817,0.004030623642703857,0.007046916102990508,0.3488937243819237,0.0014619375765017666,0.003391375438609107
170,0.005321645177900791,1.0,0.34944599866867065,0.8715277910232544,0.00014121478,0.9996527791023254,0.8696180611848832,0.0010416626930236817,0.004030623642703857,0.006850070599466562,0.34905318170785904,0.0014151939542364385,0.0033382025571874136
171,0.006924148183315992,1.0,0.3489048480987549,0.8784722089767456,0.00014121478,0.9996527791023254,0.8697916716337204,0.0010416626930236817,0.004322883267762606,0.006763275642879307,0.3491699740290642,0.0013534083465422079,0.003289756600058794
172,0.005758954212069511,1.0,0.3481779396533966,0.8784722089767456,0.00014121478,0.9996527791023254,0.870138892531395,0.0010416626930236817,0.004709950986620449,0.00672957266215235,0.34906081557273866,0.0013695100200564812,0.003284638401625822
173,0.007528052665293217,1.0,0.3494919240474701,0.8819444179534912,0.0001270933,0.9996527791023254,0.870833334326744,0.0010416626930236817,0.0053341261032155435,0.00678299639839679,0.3489172726869583,0.0013787448124011176,0.003198810491279429
174,0.00788283720612526,1.0,0.35230743885040283,0.8819444179534912,0.0001270933,0.9996527791023254,0.8717013895511627,0.0010416626930236817,0.005649694889271061,0.0068289652233943345,0.3488356500864029,0.0013991705566690205,0.0030885357330972646
175,0.00751735782250762,1.0,0.3530092239379883,0.8715277910232544,0.0001270933,0.9996527791023254,0.8720486134290695,0.0010416626930236817,0.005409865468251102,0.006927647138945758,0.348733651638031,0.0013744240676437805,0.002910185476509797
176,0.008238257840275764,1.0,0.35188546776771545,0.875,0.0001270933,0.9996527791023254,0.8720486134290695,0.0010416626930236817,0.005409865468251102,0.006984454812481999,0.34862739592790604,0.0014036301721615956,0.0027499612344513607
177,0.008629251271486282,1.0,0.34950098395347595,0.8784722089767456,0.0001270933,0.9998263895511628,0.8720486134290695,0.0007567504020244432,0.005409865468251102,0.006848522648215294,0.34869387149810793,0.0010653579475341686,0.002754202658687425
178,0.005812270566821098,1.0,0.3448898196220398,0.8784722089767456,0.0001270933,0.9998263895511628,0.8722222238779068,0.0007567504020244432,0.00555554665627812,0.006755178794264793,0.34868419319391253,0.0010702656239365818,0.0027671824599346854
179,0.008704733103513718,1.0,0.34414687752723694,0.8819444179534912,0.0001270933,0.9998263895511628,0.8729166656732559,0.0007567504020244432,0.005851483309175882,0.0068654963746666905,0.3486791178584099,0.0011489296735818588,0.0027753944990775298
180,0.006939942017197609,1.0,0.3449081480503082,0.8854166865348816,0.0001270933,0.9998263895511628,0.8736111104488373,0.0007567504020244432,0.006440006273957712,0.006860666791908443,0.3487207472324371,0.0011484034525338796,0.0027115411300432115
181,0.005855291150510311,1.0,0.34719717502593994,0.8854166865348816,0.0001270933,0.9998263895511628,0.8744791656732559,0.0007567504020244432,0.006793051411603576,0.006817540456540883,0.3488673508167267,0.001168969343955357,0.0025405487945846955
182,0.005806349217891693,1.0,0.3484010696411133,0.8784722089767456,0.0001270933,0.9998263895511628,0.8749999970197677,0.0007567504020244432,0.006678950561268326,0.006771087273955345,0.34899329394102097,0.0011895879824394327,0.0024502741234106694
183,0.005982988514006138,1.0,0.3500334322452545,0.8819444179534912,0.00011438397,0.9998263895511628,0.8758680522441864,0.0007567504020244432,0.0063906764132271405,0.006652890890836716,0.34909120202064514,0.0011436967820484694,0.002450757706201994
184,0.007307510357350111,0.9965277910232544,0.3514140546321869,0.8715277910232544,0.00011438397,0.9996527791023254,0.8762152761220932,0.0010416626930236815,0.005940943317764893,0.006652301177382469,0.34921269714832304,0.0011433560033748344,0.0025021313907750754
185,0.006752001587301493,1.0,0.35279592871665955,0.8784722089767456,0.00011438397,0.9996527791023254,0.8767361074686051,0.0010416626930236817,0.005652362261793745,0.006762091419659555,0.34947026073932647,0.001037315463824317,0.002591015709206532
186,0.005468930117785931,1.0,0.3519408106803894,0.8715277910232544,0.00011438397,0.9996527791023254,0.8770833313465118,0.0010416626930236817,0.005079413610088071,0.006744302297011018,0.34963408857584,0.0010561184928402224,0.0026380336140182526
187,0.012862113304436207,0.9965277910232544,0.35754695534706116,0.875,0.00011438397,0.9994791686534882,0.8774305522441864,0.0012398265948186373,0.004671389608494315,0.007061716960743069,0.3499885156750679,0.0016980455454788496,0.003151237889985861
188,0.009372152388095856,1.0,0.360681414604187,0.8715277910232544,0.00011438397,0.9996527791023254,0.8774305522441864,0.0010416626930236817,0.004671389608494315,0.0072002762230113145,0.35039341896772386,0.001766479855197527,0.003891863307425058
189,0.011030572466552258,0.9965277910232544,0.36038121581077576,0.8715277910232544,0.00011438397,0.9994791686534882,0.8774305522441864,0.0012398265948186373,0.004671389608494315,0.007484767958521843,0.35085303634405135,0.0018974139852593783,0.004459990939363785
190,0.010101152583956718,1.0,0.35770922899246216,0.875,0.00011438397,0.9994791686534882,0.8776041626930237,0.0012398265948186373,0.00451054209551604,0.007723743328824639,0.35126619786024094,0.001910860806300404,0.004687451106022981
191,0.006906367838382721,1.0,0.3519221842288971,0.8645833134651184,0.00011438397,0.9994791686534882,0.8769097179174423,0.0012398265948186373,0.005319979977626596,0.007722854311577976,0.35141706466674805,0.0019112367057709189,0.004657483692836727
192,0.005985356867313385,1.0,0.3496495187282562,0.8680555820465088,0.00011438397,0.9994791686534882,0.8763888865709305,0.0012398265948186373,0.0056416875893978745,0.00773417444434017,0.35149064362049104,0.0019002098011743737,0.004617180403258478
193,0.008950155228376389,0.9965277910232544,0.34930798411369324,0.8680555820465088,0.000102945574,0.9993055582046508,0.8756944447755813,0.0013888835906982423,0.005768482574901721,0.007805279572494328,0.3514814466238022,0.0019176932766208274,0.004621333835705652
194,0.007566284853965044,1.0,0.34913790225982666,0.8680555820465088,0.000102945574,0.9993055582046508,0.8750000029802323,0.0013888835906982423,0.005810132938519406,0.007789451954886317,0.35132296979427335,0.0019182940739534966,0.004644578384193365
195,0.006266709882766008,1.0,0.34847524762153625,0.8715277910232544,0.000102945574,0.9993055582046508,0.8750000029802323,0.001388883590698242,0.005810132938519406,0.007726919557899237,0.35109627097845075,0.0019463240386838644,0.004667335368346272
196,0.007226444780826569,1.0,0.3503663241863251,0.875,0.000102945574,0.9993055582046508,0.8750000029802323,0.001388883590698242,0.005810132938519406,0.007676328904926777,0.35102031379938126,0.0019455251881082389,0.0046662350439000905
197,0.006813794374465942,1.0,0.35229337215423584,0.8784722089767456,0.000102945574,0.9993055582046508,0.8750000029802323,0.0013888835906982419,0.005810132938519406,0.00758555606007576,0.35115993320941924,0.0019412943587149912,0.004660458306322699
198,0.009698779322206974,0.9965277910232544,0.3573133647441864,0.875,0.000102945574,0.9991319477558136,0.8748263925313949,0.0015035105905550328,0.005755405585292138,0.007779881497845054,0.35178111046552657,0.0019485686970609152,0.004611022685282358
199,0.0037828513886779547,1.0,0.35963118076324463,0.875,0.000102945574,0.9991319477558136,0.8744791716337204,0.0015035105905550328,0.0055201742528300105,0.007533787412103266,0.35255532562732694,0.002119528869391169,0.004563904648826415
200,0.005441283341497183,1.0,0.3607051372528076,0.875,0.000102945574,0.9991319477558136,0.8739583373069764,0.0015035105905550328,0.004922718444558079,0.007458854478318244,0.35334517508745195,0.002165198311988903,0.004538983223777956
201,0.006727409549057484,1.0,0.35779088735580444,0.8784722089767456,0.000102945574,0.9991319477558136,0.8736111134290695,0.0015035105905550328,0.004308904267227237,0.007502460398245603,0.35387486070394514,0.002141112344296634,0.004406827032485999
202,0.007425341289490461,1.0,0.35627806186676025,0.875,0.000102945574,0.9991319477558136,0.8734375029802323,0.0015035105905550328,0.004177493649946982,0.007583410001825541,0.3542687103152275,0.0021057699170660502,0.0042491947871817985
203,0.0058243838138878345,1.0,0.35523176193237305,0.875,1e-04,0.9991319477558136,0.8730902820825577,0.0015035105905550328,0.0037194866006334394,0.0075754797668196264,0.3545286267995834,0.002112071320896134,0.0041397577423005864
204,0.00563978822901845,1.0,0.3539240062236786,0.8784722089767456,1e-04,0.9993055582046508,0.8734375029802323,0.0013888835906982419,0.003878170465529952,0.007492093660403043,0.354654124379158,0.0021535196140420464,0.004081065404426016
205,0.0063465856947004795,1.0,0.35258567333221436,0.8784722089767456,1e-04,0.9993055582046508,0.8734375029802323,0.0013888835906982419,0.003878170465529952,0.007471822865772993,0.35464361160993574,0.002162280840707304,0.00408610624526087
206,0.0075487736612558365,1.0,0.351744145154953,0.8784722089767456,1e-04,0.9993055582046508,0.8737847238779068,0.0013888835906982419,0.004000588337177677,0.007575815042946488,0.35463377833366394,0.002112903491507815,0.00409282985197019
207,0.007514620199799538,1.0,0.3527872860431671,0.8784722089767456,1e-04,0.9994791686534882,0.8739583343267441,0.0012398265948186373,0.00412302649525344,0.007308440387714654,0.3543957948684692,0.0017308413367884132,0.004054721536782292
208,0.010312272235751152,0.9965277910232544,0.35426783561706543,0.875,1e-04,0.9993055582046508,0.8741319447755813,0.0013888835906982423,0.004089997949125579,0.007355446380097419,0.35407511591911317,0.0017977227531946248,0.003789894412471776
209,0.009659876115620136,0.9965277910232544,0.35764163732528687,0.875,1e-04,0.9993055582046508,0.8743055552244187,0.0013888835906982423,0.004049263857943818,0.007286911562550813,0.3539381369948387,0.0016784821443400994,0.003604468807860989
210,0.007409828249365091,1.0,0.36110642552375793,0.875,1e-04,0.9993055582046508,0.8743055552244187,0.0013888835906982423,0.004049263857943818,0.007152345345821232,0.3541079968214035,0.00155046832971535,0.0038498706868058527
211,0.0063317022286355495,1.0,0.3626038730144501,0.875,1e-04,0.9993055582046508,0.8748263895511628,0.001388883590698242,0.00337983473432321,0.007123612065333873,0.35464208126068114,0.001560055752088261,0.004231591296043279
212,0.004602076951414347,1.0,0.3622685670852661,0.875,1e-04,0.9993055582046508,0.8751736104488372,0.001388883590698242,0.003002005295748009,0.007054448069538921,0.35527303367853164,0.0016377167072038957,0.0043783723245949474
213,0.006463756784796715,0.9965277910232544,0.35956498980522156,0.8819444179534912,1e-04,0.9993055582046508,0.8758680522441864,0.0013888835906982423,0.002879003592392258,0.006930128147359937,0.35578588396310806,0.0015825362865016146,0.004248421159973603
214,0.005271168425679207,1.0,0.3587048649787903,0.8819444179534912,1e-04,0.9993055582046508,0.8765624940395356,0.0013888835906982423,0.0025692000233653546,0.006815372325945646,0.3562642320990562,0.0016151237722496284,0.004004560510903014
215,0.00401357002556324,1.0,0.35862767696380615,0.8819444179534912,1e-04,0.9993055582046508,0.8770833253860474,0.001388883590698242,0.002551542082001411,0.006702715333085507,0.35677185356616975,0.001724351032806022,0.003608975609988604
216,0.004269842524081469,1.0,0.35834774374961853,0.875,1e-04,0.9993055582046508,0.8770833253860474,0.001388883590698242,0.002551542082001411,0.006554885220248252,0.3571709245443344,0.0017982662818936807,0.0033072765940560765
217,0.005340964067727327,1.0,0.3573061525821686,0.8784722089767456,1e-04,0.9993055582046508,0.8770833253860474,0.0013888835906982419,0.002551542082001411,0.006481243704911321,0.35742156356573107,0.0018162233008456319,0.0031123378697929804
218,0.004980332683771849,1.0,0.3565802276134491,0.8784722089767456,1e-04,0.9994791686534882,0.8772569358348846,0.0012398265948186373,0.0025218374365721286,0.006245321372989565,0.3573849067091942,0.0016846416990196442,0.0031177091350216217
219,0.006073323078453541,1.0,0.3574214577674866,0.8819444179534912,1e-04,0.9994791686534882,0.8776041567325592,0.0012398265948186373,0.002661397784471207,0.006359844957478345,0.3572744205594063,0.001588456248108842,0.0030750093502297546
220,0.004939578473567963,1.0,0.3587917387485504,0.8819444179534912,1e-04,0.9994791686534882,0.8779513776302338,0.0012398265948186373,0.0027505067849972593,0.006334759714081884,0.3571787506341934,0.0016066219389974797,0.0029955219315248613
221,0.004840031731873751,1.0,0.3588208556175232,0.8819444179534912,1e-04,0.9994791686534882,0.878124988079071,0.0012398265948186373,0.0028842333943273394,0.006240390823222697,0.35723024904727935,0.0016359494062166196,0.003014397025312468
222,0.004150118678808212,1.0,0.3595679700374603,0.875,1e-04,0.9994791686534882,0.878124988079071,0.0012398265948186373,0.00288423339432734,0.0060766296926885845,0.3573947444558144,0.0016726533571954012,0.003047530908267043
223,0.007735265418887138,1.0,0.35802704095840454,0.8784722089767456,1e-04,0.9994791686534882,0.8782985985279084,0.0012398265948186373,0.0027939957548070494,0.0061721737729385495,0.3575345084071159,0.0017096820776123106,0.0030089825436986632
224,0.006344467401504517,1.0,0.35563012957572937,0.8784722089767456,1e-04,0.9994791686534882,0.8782985985279084,0.0012398265948186373,0.0027939957548070494,0.006207407731562853,0.3576198145747185,0.001705603679352819,0.0029285227405457543
225,0.004524114541709423,1.0,0.3544411361217499,0.8784722089767456,1e-04,0.9994791686534882,0.8782985985279084,0.0012398265948186373,0.0027939957548070494,0.0061162841739133,0.35771258771419523,0.0017439855736623374,0.0027938699897059518
226,0.00505249947309494,1.0,0.3525361120700836,0.8784722089767456,1e-04,0.9994791686534882,0.8782985985279084,0.0012398265948186373,0.0027939957548070494,0.005991470464505255,0.3577521860599518,0.0017262351540284345,0.002713451891216835
227,0.007943853735923767,1.0,0.3501165807247162,0.8784722089767456,1e-04,0.9994791686534882,0.8782985985279084,0.0012398265948186373,0.0027939957548070494,0.006012932141311466,0.3576186507940292,0.001747574882387484,0.0030045967003316286
228,0.005442219320684671,1.0,0.34928178787231445,0.8784722089767456,1e-04,0.9996527791023254,0.8784722089767456,0.0010416626930236817,0.002689561508297525,0.005769429495558143,0.3573693484067917,0.0014445739250247174,0.003446623812171261
229,0.007575228810310364,1.0,0.34257256984710693,0.8784722089767456,1e-04,0.9998263895511628,0.8786458194255828,0.0007567504020244432,0.002569200023365354,0.005665197130292654,0.3566158950328827,0.0012174548254341388,0.004717525775280052
230,0.005935026332736015,1.0,0.3395701050758362,0.8784722089767456,1e-04,0.9998263895511628,0.8788194298744202,0.0007567504020244432,0.0024305462837219236,0.005591457034461201,0.3555390790104866,0.0011524808688574406,0.005883470170983797
231,0.006661332678049803,1.0,0.33687570691108704,0.8784722089767456,1e-04,0.9998263895511628,0.8789930403232574,0.0007567504020244432,0.0022702512060733294,0.005607938556931913,0.35425267070531846,0.0011652356241386305,0.00691960129742754
232,0.006827810779213905,1.0,0.3360687494277954,0.8784722089767456,1e-04,0.9998263895511628,0.8791666507720948,0.0007567504020244432,0.0020833253860473634,0.0057192252483218905,0.3529426798224449,0.0011701307044699142,0.007712640657699798
233,0.004706942941993475,1.0,0.3357672691345215,0.875,1e-04,1.0,0.8788194298744202,0.0,0.0021683938109797254,0.005631384556181729,0.3517527937889099,0.0011768641770793244,0.00840392671800182
234,0.0057649798691272736,1.0,0.33555278182029724,0.8715277910232544,1e-04,1.0,0.8782985985279084,0.0,0.0025692000233653546,0.005656075128354132,0.35059518963098524,0.0011742249653651277,0.008943790672461083
235,0.005236548837274313,1.0,0.33421504497528076,0.875,1e-04,1.0,0.8779513776302338,0.0,0.002521837436572128,0.0057172240689396855,0.349374558031559,0.001117575071824105,0.009417582725985356
236,0.004788824822753668,1.0,0.33390337228775024,0.8784722089767456,1e-04,1.0,0.878124988079071,0.0,0.0024305462837219236,0.005743173183873296,0.3481523394584656,0.0010893352449053255,0.009753923440328792
237,0.005912753753364086,1.0,0.3366498351097107,0.8784722089767456,1e-04,1.0,0.878124988079071,0.0,0.0024305462837219236,0.005771762668155133,0.34711952358484266,0.0010859020153786156,0.009823343597292136
238,0.006841763388365507,1.0,0.3380140960216522,0.875,1e-04,1.0,0.8779513776302338,0.0,0.002521837436572128,0.005864834203384817,0.34619121700525285,0.0010938226009672767,0.009762505869106127
239,0.00409442326053977,1.0,0.33737844228744507,0.875,1e-04,1.0,0.8776041567325592,0.0,0.002424337981670248,0.0057658892124891285,0.3451890662312508,0.0011581028175163784,0.009585382058267337
240,0.005955039989203215,1.0,0.33741647005081177,0.8715277910232544,1e-04,1.0,0.8770833253860474,0.0,0.0025515420820014104,0.005816662288270891,0.34412030279636385,0.0011429232956190842,0.009192731993905067
241,0.003389846533536911,1.0,0.337427020072937,0.8715277910232544,1e-04,1.0,0.8765624940395356,0.0,0.0025692000233653546,0.005744153028354048,0.34305061101913453,0.001244105075981094,0.008648512590723056
242,0.0054838452488183975,1.0,0.3381851613521576,0.8715277910232544,1e-04,1.0,0.8763888835906982,0.0,0.0027777671813964846,0.005810839356854558,0.3419814705848694,0.0011915079123953746,0.007822798817545766
243,0.008477343246340752,1.0,0.33812078833580017,0.8715277910232544,1e-04,1.0,0.8760416626930236,0.0,0.00292573528818259,0.005847943248227239,0.34098615795373916,0.0012604188878172712,0.006933812879427777
244,0.007781395688652992,0.9965277910232544,0.3390021324157715,0.8819444179534912,1e-04,0.9998263895511628,0.876215273141861,0.0007567504020244432,0.0031585652771400044,0.0059197896625846624,0.34015475809574125,0.0013259257033259961,0.006071330821699826
245,0.0059244451113045216,1.0,0.33882468938827515,0.8854166865348816,1e-04,0.9998263895511628,0.8765624970197677,0.0007567504020244432,0.0037194868788435758,0.005989806191064417,0.33937393575906755,0.0012867720419673467,0.0051122205261805356
246,0.00434081070125103,1.0,0.33958935737609863,0.8854166865348816,1e-04,0.9998263895511628,0.8769097208976746,0.0007567504020244432,0.004177499471100777,0.005954221752472222,0.3387265980243683,0.0013215703340392453,0.00412988239869813
247,0.007693218532949686,1.0,0.339602530002594,0.8819444179534912,1e-04,0.9998263895511628,0.8770833313465118,0.0007567504020244432,0.0043089095506209305,0.005941689992323518,0.33820089548826215,0.0013037119395967272,0.0032142406593814524
248,0.0035349950194358826,1.0,0.3409675657749176,0.8819444179534912,1e-04,0.9998263895511628,0.8772569417953491,0.0007567504020244432,0.0044296297840707086,0.005846328777261078,0.33778518438339233,0.0014027496380835884,0.0020980804837075536
249,0.004907712340354919,1.0,0.34145820140838623,0.8888888955116272,1e-04,0.9998263895511628,0.8777777761220932,0.0007567504020244432,0.005103099575237011,0.0057129529537633065,0.3377294659614563,0.001358128385469341,0.0019817761977470962
250,0.0033430408220738173,1.0,0.34145379066467285,0.8854166865348816,1e-04,0.9998263895511628,0.878125,0.0007567504020244432,0.0053679229333742145,0.005583353678230196,0.3378236502408981,0.0014512322644955511,0.0021077709379207113
251,0.004730029962956905,1.0,0.34162554144859314,0.8819444179534912,1e-04,0.9998263895511628,0.8782986104488373,0.0007567504020244432,0.005432110639723316,0.005486788542475552,0.3380611419677734,0.0014405056029114774,0.002250352198288015
252,0.0053337980061769485,1.0,0.3414536714553833,0.8784722089767456,1e-04,0.9998263895511628,0.8782986104488373,0.0007567504020244432,0.005432110639723316,0.005412087903823704,0.33833038806915283,0.0014073839134517898,0.002317018119864154
253,0.003487157402560115,1.0,0.3426118493080139,0.8784722089767456,1e-04,0.9998263895511628,0.8784722208976745,0.0007567504020244432,0.005379140330204767,0.005351098626852036,0.3386726170778275,0.0014619904886189802,0.0024165096434197422
254,0.006544104311615229,1.0,0.34077972173690796,0.875,1e-04,0.9998263895511628,0.8786458313465119,0.0007567504020244432,0.00520543664721466,0.0053900548489764335,0.338933964073658,0.0014827328976011354,0.002346602332100706
255,0.009114040993154049,1.0,0.3458904027938843,0.875,1e-04,0.9998263895511628,0.8786458313465119,0.0007567504020244432,0.00520543664721466,0.00558392945677042,0.3395177319645882,0.0016891225288300715,0.002544002685749588
256,0.004691689740866423,1.0,0.35064586997032166,0.8784722089767456,1e-04,0.9998263895511628,0.8786458313465119,0.0007567504020244432,0.00520543664721466,0.005579072702676058,0.34035485684871675,0.0016915396377031899,0.00322287024842161
257,0.006177825853228569,1.0,0.35280734300613403,0.8784722089767456,1e-04,0.9998263895511628,0.8786458313465119,0.0007567504020244432,0.00520543664721466,0.005592326307669282,0.3411627322435379,0.0016951368093641108,0.004098913423739493
258,0.004885675851255655,1.0,0.3555288314819336,0.8784722089767456,1e-04,0.9998263895511628,0.8788194417953491,0.0007567504020244432,0.005138417365903985,0.005494521930813789,0.342038469016552,0.001676554860055462,0.005085048792606209
259,0.004082393366843462,1.0,0.3572733700275421,0.8784722089767456,1e-04,0.9998263895511628,0.8789930522441864,0.0007567504020244432,0.00506456456059067,0.005493920436128974,0.3430332154035568,0.0016770591452640023,0.005948740945247198
260,0.005008311942219734,1.0,0.3558616042137146,0.8819444179534912,1e-04,0.9998263895511628,0.8795138835906983,0.0007567504020244432,0.004798705098205877,0.0054465840337798,0.34395547211170197,0.001676736669868806,0.006417783725967378
261,0.007998278364539146,1.0,0.3540973663330078,0.8819444179534912,1e-04,0.9998263895511628,0.8800347149372101,0.0007567504020244432,0.004456769734649134,0.005677005625329912,0.3447889894247055,0.0016948157690045392,0.00659583682794687
262,0.002744663041085005,1.0,0.3516107499599457,0.875,1e-04,0.9998263895511628,0.8802083253860473,0.0007567504020244432,0.00418111060375061,0.005540046514943242,0.3454602688550949,0.0018115487291167855,0.0065727270570635835
263,0.005089817102998495,1.0,0.3518184721469879,0.8784722089767456,1e-04,0.9998263895511628,0.8805555462837219,0.0007567504020244432,0.0037073231174480506,0.005370670207776129,0.3461451530456543,0.0016827864351396924,0.00648533833755604
264,0.006954437121748924,1.0,0.3500555753707886,0.8784722089767456,1e-04,1.0,0.8803819358348847,0.0,0.0037194987028088653,0.0053293222794309255,0.34669782519340514,0.001632451086493562,0.006321993340851716
265,0.004427956882864237,1.0,0.34918561577796936,0.8784722089767456,1e-04,1.0,0.8800347119569778,0.0,0.003553733710041748,0.005254497868008912,0.34721587151288985,0.0016377460965927803,0.006075308184937872
266,0.006924106739461422,1.0,0.34967005252838135,0.8784722089767456,1e-04,1.0,0.879687488079071,0.0,0.003343986710619537,0.0053836626699194316,0.347719906270504,0.001662277716899029,0.005835090644882569
267,0.007783527020365,1.0,0.3487255275249481,0.8784722089767456,1e-04,1.0,0.8795138776302338,0.0,0.003312290004631165,0.005388178094290197,0.3481760561466217,0.0016686557014093427,0.005531381740229284
268,0.0033778324723243713,1.0,0.3482564091682434,0.8819444179534912,1e-04,1.0,0.8795138776302338,0.0,0.003312290004631165,0.0053803199669346215,0.34854049831628797,0.0016777098081080359,0.0052787850893522385
269,0.004863763693720102,1.0,0.3482840955257416,0.8819444179534912,1e-04,1.0,0.8791666537523269,0.0,0.002598370441780305,0.00537812253460288,0.3488817930221558,0.0016783560385829489,0.005024383602819396
270,0.005295338109135628,1.0,0.3495749831199646,0.8784722089767456,1e-04,1.0,0.8788194298744202,0.0,0.0021683938109797254,0.005475737398955971,0.34928785264492035,0.0016126422773593226,0.0047270298122062985
271,0.0040888614021241665,1.0,0.35042205452919006,0.8784722089767456,1e-04,1.0,0.8786458194255828,0.0,0.0020468370048496746,0.005443678970914334,0.3497276782989502,0.0016333874752924847,0.004390914972051989
272,0.008344162255525589,1.0,0.3529057502746582,0.8819444179534912,1e-04,1.0,0.8788194298744202,0.0,0.0021683938109797254,0.005594197183381766,0.35030028223991394,0.0017508099225937836,0.004004286032534708
273,0.0067388867028057575,1.0,0.3559533655643463,0.8819444179534912,1e-04,1.0,0.8789930403232574,0.0,0.002270251206073329,0.005756783648394048,0.35096735805273055,0.0016977738068845829,0.003772477169783817
274,0.005055053159594536,1.0,0.3583119809627533,0.8784722089767456,1e-04,1.0,0.8791666507720948,0.0,0.0020833253860473634,0.005682331090793013,0.3518439710140228,0.0016942609918837244,0.003312236602657288
275,0.005141566973179579,1.0,0.36114633083343506,0.8784722089767456,1e-04,1.0,0.879340261220932,0.0,0.0018617646504675127,0.00548370738979429,0.3526067674160004,0.0015022844547112786,0.0035977074844977855
276,0.0034345451276749372,1.0,0.3628453016281128,0.8680555820465088,1e-04,1.0,0.8788194298744202,0.0,0.0030861668442863366,0.0054208501591347154,0.35321673899888995,0.0015593255761498356,0.004197684720543571
277,0.00550121022388339,1.0,0.3633689880371094,0.8784722089767456,1e-04,1.0,0.8788194298744202,0.0,0.0030861668442863366,0.005387019377667457,0.3537448212504387,0.0015498464464546828,0.00474201580780171
278,0.0037294800858944654,1.0,0.3613319396972656,0.8819444179534912,1e-04,1.0,0.8789930403232574,0.0,0.0031585652771400044,0.005329209589399397,0.3540349766612053,0.0015885485811215924,0.0050121459924915715
279,0.004935963079333305,1.0,0.35928696393966675,0.8819444179534912,1e-04,1.0,0.8791666507720948,0.0,0.003219994138697426,0.00537188807502389,0.35413565635681155,0.0015657808747365483,0.005095711921590671
280,0.009211721830070019,0.9965277910232544,0.3640933632850647,0.8784722089767456,1e-04,0.9998263895511628,0.8789930403232574,0.0007567504020244432,0.0031585652771400044,0.005582058569416404,0.35454724431037904,0.0017714696988884394,0.005532244292105244
281,0.006332682445645332,1.0,0.3650917708873749,0.8784722089767456,1e-04,0.9998263895511628,0.8788194298744202,0.0007567504020244432,0.003086166844286336,0.005498778773471713,0.35509696453809736,0.001693350310753332,0.005987718021558025
282,0.0054032159969210625,1.0,0.3622538149356842,0.8784722089767456,1e-04,0.9998263895511628,0.8789930403232574,0.0007567504020244432,0.0029615724019742004,0.005631706421263516,0.35562911778688433,0.001571930168367873,0.0061255955467139946
283,0.01159568689763546,0.9965277910232544,0.3631548285484314,0.8819444179534912,1e-04,0.9996527791023254,0.8791666507720948,0.0010416626930236815,0.0030270016080977723,0.005956999910995364,0.3561959356069565,0.0020319742995982813,0.006269561665256285
284,0.003514427226036787,1.0,0.36440756916999817,0.8784722089767456,1e-04,0.9996527791023254,0.8791666507720948,0.0010416626930236817,0.0030270016080977723,0.0057849994162097575,0.35691353529691694,0.002085161720494822,0.006346558063754544
285,0.0048556881956756115,1.0,0.362444669008255,0.875,1e-04,0.9996527791023254,0.8789930403232574,0.0010416626930236817,0.0031585652771400044,0.005806385981850326,0.3575764879584312,0.0020732932163088076,0.006195395711919246
286,0.002949674380943179,1.0,0.36160963773727417,0.8715277910232544,1e-04,0.9996527791023254,0.8786458194255828,0.0010416626930236817,0.0035537172579085297,0.005607664363924414,0.3581734672188759,0.00214584005771613,0.005976141948307284
287,0.0040109967812895775,1.0,0.361316442489624,0.875,1e-04,0.9996527791023254,0.8784722089767456,0.0010416626930236817,0.003641683497506619,0.005419037851970643,0.3588030129671097,0.0021118233936043363,0.005598989300920359
288,0.004012489691376686,1.0,0.36074861884117126,0.875,1e-04,0.9996527791023254,0.878124988079071,0.0010416626930236817,0.0036250925980214786,0.005450770712923258,0.3594276234507561,0.0020855176785678333,0.005058287206346216
289,0.0031990264542400837,1.0,0.3609108626842499,0.8784722089767456,1e-04,0.9996527791023254,0.8779513776302338,0.0010416626930236817,0.003519628055007101,0.005367533850949258,0.36005896180868147,0.0021398000749424297,0.004369069756836999
290,0.007608924526721239,1.0,0.36134281754493713,0.8819444179534912,1e-04,0.9996527791023254,0.878124988079071,0.0010416626930236817,0.0036250925980214786,0.005483213171828538,0.3606473535299301,0.002194605580112202,0.003650929955884681
291,0.0071173361502587795,1.0,0.36102908849716187,0.875,1e-04,0.9996527791023254,0.8779513776302338,0.0010416626930236817,0.0036869235364206223,0.005634636909235269,0.3611777052283287,0.002197651372842652,0.002797760839549273
292,0.003916264045983553,1.0,0.3592737019062042,0.875,1e-04,0.9996527791023254,0.8776041567325592,0.0010416626930236817,0.003620932995276857,0.005413241998758167,0.361496102809906,0.0021357012279156792,0.0021180387602960744
293,0.004903771914541721,1.0,0.35780200362205505,0.8819444179534912,1e-04,0.9996527791023254,0.8776041567325592,0.0010416626930236817,0.003620932995276857,0.005321486259344965,0.36158853471279145,0.0021161077272843134,0.0019036192280137935
294,0.004487806931138039,1.0,0.3557173013687134,0.8784722089767456,1e-04,0.9996527791023254,0.8776041567325592,0.0010416626930236817,0.003620932995276857,0.00529312394792214,0.36145880073308945,0.0021232779431918426,0.0021894552027755137
295,0.008452857844531536,1.0,0.35680168867111206,0.875,1e-04,0.9996527791023254,0.877430546283722,0.0010416626930236817,0.0036581991536538804,0.005458688491489738,0.3612415686249733,0.002231354979602685,0.0024137267994007606
296,0.007934621535241604,1.0,0.36446964740753174,0.875,1e-04,0.9996527791023254,0.8777777671813964,0.0010416626930236817,0.0030270016080977723,0.005683692311868072,0.36132278591394423,0.0022427600696031213,0.002492369849795553
297,0.0028978982008993626,1.0,0.36907055974006653,0.8784722089767456,1e-04,0.9996527791023254,0.8777777671813964,0.0010416626930236817,0.0030270016080977723,0.0055535267107188705,0.3616078644990921,0.0023236602810861357,0.0029870872894937313
298,0.003756365505978465,1.0,0.36870914697647095,0.8819444179534912,1e-04,0.9996527791023254,0.8777777671813964,0.0010416626930236817,0.0030270016080977723,0.00555487098172307,0.3619767248630524,0.002322612195384176,0.0033621773337106043
299,0.0038849497213959694,1.0,0.3667348623275757,0.8784722089767456,1e-04,0.9996527791023254,0.8776041567325592,0.0010416626930236817,0.002879003592392258,0.0055023203138262035,0.3623491197824478,0.0023477745502184597,0.0034548243606068044
300,0.00520625663921237,1.0,0.3623875379562378,0.875,1e-04,0.9998263895511628,0.877430546283722,0.0007567504020244432,0.00292573528818259,0.005302047054283321,0.36226382851600647,0.0021882266026856676,0.003431689276507104
301,0.0055019366554915905,1.0,0.36096808314323425,0.875,1e-04,0.9998263895511628,0.8772569358348846,0.0007567504020244432,0.0029615724019742004,0.0052605097647756335,0.3620576441287994,0.0021761198600763645,0.003379062619977603
302,0.004922508727759123,1.0,0.36208295822143555,0.8715277910232544,1e-04,0.9998263895511628,0.87690971493721,0.0007567504020244432,0.003196507361718156,0.005236474401317537,0.362049101293087,0.0021770654396087333,0.0033787718331634207
303,0.005444972310215235,1.0,0.36055201292037964,0.8715277910232544,1e-04,1.0,0.8763888835906982,0.0,0.00318233209292838,0.004928938671946525,0.36191896051168443,0.0016202561815137266,0.0033837988296024093
304,0.0047500417567789555,1.0,0.3574272394180298,0.8715277910232544,1e-04,1.0,0.8760416626930236,0.0,0.0033122762584294526,0.004990719398483634,0.361569944024086,0.001588386385406375,0.003468054393611854
305,0.009318983182311058,1.0,0.357477068901062,0.8715277910232544,1e-04,1.0,0.8758680522441864,0.0,0.0034504394268651283,0.005213884147815406,0.36132156401872634,0.0018463343418333074,0.003572818607027928
306,0.004836232867091894,1.0,0.3604409992694855,0.8715277910232544,1e-04,1.0,0.8758680522441864,0.0,0.0034504394268651283,0.005308212072122842,0.3612631320953369,0.0017750637947973893,0.00357718309561705
307,0.010746979154646397,0.9965277910232544,0.36009228229522705,0.8784722089767456,1e-04,0.9998263895511628,0.8760416626930236,0.0007567504020244432,0.003489526834683277,0.005645011190790683,0.3612019240856171,0.0021053001739950485,0.0035862089791210473
308,0.006678704172372818,0.9965277910232544,0.35917267203330994,0.8819444179534912,1e-04,0.9996527791023254,0.8763888835906982,0.0010416626930236817,0.0037073046952118397,0.005778321914840489,0.361123126745224,0.002081991068708764,0.0036125205512817413
309,0.0053645167499780655,1.0,0.36098748445510864,0.8784722089767456,1e-04,0.9996527791023254,0.8763888835906982,0.0010416626930236817,0.0037073046952118397,0.005886596429627388,0.3611269578337669,0.0019997217110639095,0.0036123340371784335
310,0.003776908852159977,1.0,0.3609892427921295,0.8784722089767456,1e-04,0.9996527791023254,0.876215273141861,0.0010416626930236817,0.0035196280550071008,0.005694995645899326,0.36110927909612656,0.0020090780077934335,0.0036120995500238664
311,0.004185287281870842,1.0,0.36111199855804443,0.8784722089767456,1e-04,0.9996527791023254,0.8763888835906982,0.0010416626930236817,0.0035409722655395754,0.005548393202479929,0.3611134245991707,0.002006915670048569,0.003612052715181863
312,0.012797143310308456,0.9930555820465088,0.3594380021095276,0.8784722089767456,1e-04,0.9993055582046508,0.8765624940395356,0.001770486132769788,0.0035537172579085297,0.0059924371656961736,0.36112163960933685,0.0025148682057974,0.0036080438436152554
313,0.004246290773153305,1.0,0.35786116123199463,0.8819444179534912,1e-04,0.9993055582046508,0.8765624940395356,0.001770486132769788,0.0035537172579085297,0.005959563108626753,0.36112459748983383,0.002533115305046021,0.0036053444268815565
314,0.005313422996550798,1.0,0.35786759853363037,0.8784722089767456,1e-04,0.9993055582046508,0.8765624940395356,0.001770486132769788,0.0035537172579085297,0.006000843911897391,0.36123211234807967,0.0025154603125198756,0.003472089937582778
315,0.004626298788934946,1.0,0.35825198888778687,0.8819444179534912,1e-04,0.9993055582046508,0.87690971493721,0.001770486132769788,0.0037194797844559116,0.005809515959117562,0.36130462735891344,0.0024667355546975573,0.003393047922137997
316,0.0026656577829271555,1.0,0.36074352264404297,0.8819444179534912,1e-04,0.9993055582046508,0.8772569358348846,0.001770486132769788,0.0038469505691172616,0.005546067771501839,0.361118321120739,0.002506744477478178,0.003315560060862564
317,0.005671328399330378,1.0,0.36190569400787354,0.8854166865348816,1e-04,0.9993055582046508,0.8776041597127915,0.001770486132769788,0.004234819523153447,0.00568473928142339,0.36076007783412933,0.002432012026124537,0.0027809518361560292
318,0.0048128049820661545,1.0,0.3616074025630951,0.8888888955116272,1e-04,0.9993055582046508,0.8779513835906982,0.001770486132769788,0.004820633049192927,0.005737561255227774,0.36040499061346054,0.0024008278852359196,0.0021175738780658316
319,0.007114658132195473,1.0,0.36070266366004944,0.8888888955116272,1e-04,0.9993055582046508,0.8784722179174423,0.001770486132769788,0.005379138406468245,0.00589904667576775,0.36010338068008424,0.0023793083678125423,0.0015473258362190651
320,0.002386761363595724,1.0,0.3595387935638428,0.8854166865348816,1e-04,0.9993055582046508,0.8789930522441864,0.001770486132769788,0.005520174721478146,0.005758071911986917,0.3599609434604645,0.002496806746443779,0.0014591086626358754
321,0.005855249240994453,1.0,0.3600322902202606,0.8854166865348816,1e-04,0.9993055582046508,0.8795138865709304,0.001770486132769788,0.005609544644935187,0.005775737541262061,0.3599141538143158,0.0024961818368885186,0.0014409534410828562
322,0.00526130385696888,1.0,0.35538265109062195,0.8784722089767456,1e-04,0.9993055582046508,0.879861107468605,0.001770486132769788,0.005311477880723955,0.005792677297722548,0.3595791384577751,0.002491479266987865,0.001660015587027899
323,0.0070663923397660255,1.0,0.3533083498477936,0.875,1e-04,0.9993055582046508,0.8800347179174424,0.001770486132769788,0.005088316699226098,0.005873748299200088,0.3592169553041458,0.0025051884146804876,0.0021314995580475776
324,0.003961414098739624,1.0,0.35316261649131775,0.8715277910232544,1e-04,0.9993055582046508,0.8800347179174424,0.001770486132769788,0.005088316699226098,0.0058343169162981216,0.35900372415781023,0.002528661591461046,0.002484032934476602
325,0.0038329362869262695,1.0,0.3542881906032562,0.8715277910232544,1e-04,0.9993055582046508,0.8800347179174424,0.001770486132769788,0.005088316699226098,0.005560014571528882,0.3588442802429199,0.0024314643611805667,0.002672129540109775
326,0.0031133091542869806,1.0,0.3558097779750824,0.875,1e-04,0.9993055582046508,0.8802083283662796,0.001770486132769788,0.004848696238158825,0.005473868385888636,0.35861271917819976,0.0024855025943549157,0.0027238925034991156
327,0.0035259192809462547,1.0,0.35723447799682617,0.8784722089767456,1e-04,0.9994791686534882,0.8802083283662796,0.0016561381292147263,0.004848696238158825,0.005112815392203629,0.3584698289632797,0.002201545890752439,0.0027174795020270368
328,0.0039563607424497604,1.0,0.359295517206192,0.8819444179534912,1e-04,0.9996527791023254,0.8802083283662796,0.0015135008040488862,0.004848696238158825,0.0049766982207074765,0.3584759712219238,0.0021846156204162587,0.0027191994688263612
329,0.003562009194865823,1.0,0.36210739612579346,0.8819444179534912,1e-04,0.9996527791023254,0.8803819388151168,0.0015135008040488862,0.004845586594829927,0.004886572842951864,0.35853196680545807,0.0022038534244955325,0.0027811665990172775
330,0.0033843517303466797,1.0,0.3582310676574707,0.8784722089767456,1e-04,0.9996527791023254,0.8803819388151168,0.0015135008040488862,0.004845586594829927,0.004866944986861199,0.35839405804872515,0.0022153668700377366,0.002723689699182907
331,0.01438895519822836,0.9930555820465088,0.36338043212890625,0.8854166865348816,1e-04,0.9993055582046508,0.8807291626930237,0.002083325386047363,0.004944110218625023,0.005377128382679075,0.3585074797272682,0.0030261798250307147,0.0028774046279654002
332,0.0039330776780843735,1.0,0.37102338671684265,0.8819444179534912,1e-04,0.9996527791023254,0.8809027731418609,0.0015135008040488862,0.004922726432527053,0.004933925101067871,0.359086748957634,0.0025125222845085106,0.003966485515563847
333,0.003796479431912303,1.0,0.3724229037761688,0.8784722089767456,1e-04,0.9996527791023254,0.8807291626930237,0.0015135008040488862,0.004944110218625023,0.004911434534005821,0.35981483608484266,0.00252057721338046,0.0049010656477857335
334,0.0038366790395230055,1.0,0.37103399634361267,0.8819444179534912,1e-04,0.9996527791023254,0.8809027731418609,0.0015135008040488862,0.004922726432527053,0.0048375973361544315,0.3604731559753418,0.002529334455794912,0.005448940314155978
335,0.006313944701105356,1.0,0.3661651015281677,0.8819444179534912,1e-04,0.9996527791023254,0.8809027731418609,0.0015135008040488862,0.004922726432527053,0.004921979631762952,0.36086881160736084,0.0025489527537316593,0.005559464022310131
336,0.0034710674080997705,1.0,0.36259862780570984,0.8888888955116272,1e-04,0.9996527791023254,0.8812499970197678,0.0015135008040488862,0.005219897263134219,0.004962250113021582,0.3609615668654442,0.0025191757240926003,0.005572061110149969
337,0.0031087088864296675,1.0,0.36304962635040283,0.8854166865348816,1e-04,0.9996527791023254,0.8812499970197678,0.0015135008040488862,0.005219897263134219,0.004834119137376547,0.36101876348257067,0.002544890947578263,0.005587309225362213
338,0.004093449097126722,1.0,0.3628235459327698,0.8854166865348816,1e-04,0.9996527791023254,0.8810763865709305,0.0015135008040488862,0.005016733341234311,0.004798151343129576,0.3610795706510544,0.002550016302616152,0.00559998786198238
339,0.006154007278382778,1.0,0.3637677729129791,0.8854166865348816,1e-04,0.9996527791023254,0.8809027761220932,0.0015135008040488862,0.0047987100579777574,0.00475011880043894,0.3612328261137009,0.0025147332063500233,0.005629440064835617
340,0.011790674179792404,0.9965277910232544,0.3675253987312317,0.8819444179534912,1e-04,0.9994791686534882,0.8807291626930237,0.0016561381292147265,0.004693927792616281,0.005220314441248775,0.3616321563720703,0.0028813186637815583,0.005776457996183564
341,0.005172186065465212,1.0,0.369930624961853,0.8854166865348816,1e-04,0.9994791686534882,0.8807291626930237,0.0016561381292147265,0.004693927792616281,0.005186161282472313,0.36212707310914993,0.002877636097742886,0.006036371001406945
342,0.0031607700511813164,1.0,0.3714042901992798,0.8854166865348816,1e-04,0.9994791686534882,0.8810763865709305,0.0016561381292147265,0.0047703611692863634,0.005081134592182934,0.3629281550645828,0.0029111144029433456,0.006150204793011052
343,0.0038089246954768896,1.0,0.37036803364753723,0.8854166865348816,1e-04,0.9994791686534882,0.8815972208976746,0.0016561381292147265,0.004645520830908488,0.004918261209968478,0.36378113925457,0.0028865070263619868,0.005936159870961608
344,0.00666959211230278,1.0,0.3650360107421875,0.8888888955116272,1e-04,0.9994791686534882,0.8824652761220932,0.0016561381292147263,0.004291398251358059,0.005053670110646636,0.3643748089671135,0.002901924778421118,0.005415407106105682
345,0.004861403256654739,1.0,0.36327046155929565,0.8888888955116272,1e-04,0.9994791686534882,0.8833333313465118,0.0016561381292147263,0.0037073298164355855,0.005105093459133059,0.36482392251491547,0.0028889205306798157,0.004909064758688075
346,0.0030168285593390465,1.0,0.36241328716278076,0.8854166865348816,1e-04,0.9994791686534882,0.8838541656732559,0.0016561381292147263,0.003196533098127543,0.005100269429385662,0.3651540979743004,0.0028923210126219345,0.004496411794065478
347,0.0032305968925356865,1.0,0.36160483956336975,0.8854166865348816,1e-04,0.9994791686534882,0.8842013895511627,0.0016561381292147263,0.0029615975594316306,0.005085503309965133,0.36537261605262755,0.002901061469881261,0.0042028337589361045
348,0.0035740004386752844,1.0,0.36108076572418213,0.8854166865348816,1e-04,0.9994791686534882,0.8843750029802322,0.0016561381292147263,0.002925759692725144,0.0050663852947764095,0.36546187847852707,0.0029096865901900807,0.004090267261096391
349,0.006288347765803337,1.0,0.3591594696044922,0.8819444179534912,1e-04,0.9994791686534882,0.8843750029802322,0.0016561381292147263,0.002925759692725144,0.005202702223323285,0.365314482152462,0.002899861374213314,0.004258162852486399
350,0.00486685149371624,1.0,0.3594478964805603,0.8784722089767456,1e-04,0.9994791686534882,0.8843750029802322,0.0016561381292147263,0.002925759692725144,0.005276827211491764,0.36537532359361646,0.0028712403827695823,0.0041641748911673765
351,0.003121517365798354,1.0,0.3617768883705139,0.8819444179534912,1e-04,0.9998263895511628,0.8842013895511627,0.0007567504020244432,0.002961597559431631,0.004713455319870263,0.3652951464056969,0.0020018385678149376,0.004216916094459399
352,0.004175540059804916,1.0,0.36202186346054077,0.8784722089767456,1e-04,0.9998263895511628,0.8840277791023254,0.0007567504020244432,0.003182357456220944,0.004725578438956291,0.36484507024288176,0.0019978060115375517,0.004058927814610289
353,0.00414646603167057,1.0,0.362467885017395,0.8819444179534912,1e-04,0.9998263895511628,0.8842013895511627,0.0007567504020244432,0.002961597559431631,0.0047430777689442035,0.3643473193049431,0.001991112740141718,0.0036930355312264945
354,0.0036120633594691753,1.0,0.36353957653045654,0.8819444179534912,1e-04,0.9998263895511628,0.8842013895511627,0.0007567504020244432,0.0029615975594316306,0.0047318469849415125,0.3639725983142853,0.00199681886017048,0.00336082364050466
355,0.0065248217433691025,0.9965277910232544,0.3653419613838196,0.8819444179534912,1e-04,0.9996527791023254,0.8842013895511627,0.0010416626930236815,0.002961597559431631,0.0047423908370547,0.3639314413070679,0.0020056820915983994,0.003338689246844917
356,0.0048184702172875404,1.0,0.36848360300064087,0.8819444179534912,1e-04,0.9996527791023254,0.8838541656732559,0.0010416626930236817,0.0027940214952301367,0.0048097609775140885,0.36422569006681443,0.001984363413613383,0.003465191591692594
357,0.0034508032258599997,1.0,0.3685872256755829,0.8819444179534912,1e-04,0.9996527791023254,0.8836805522441864,0.0010416626930236817,0.002799410248348985,0.004826865694485605,0.3645025700330734,0.001971056818981783,0.00357950884919932
358,0.0038461561780422926,1.0,0.367622047662735,0.8854166865348816,1e-04,0.9996527791023254,0.8836805522441864,0.0010416626930236817,0.002799410248348985,0.0048145010485313834,0.3647424951195717,0.001976387275233035,0.0036195193730650154
359,0.008261635899543762,1.0,0.3647589385509491,0.8819444179534912,1e-04,0.9996527791023254,0.8835069388151169,0.0010416626930236817,0.0027940214952301367,0.004919882479589433,0.3647920534014702,0.0020974805130808466,0.003612613156568078
360,0.003297806717455387,1.0,0.3619905412197113,0.8854166865348816,1e-04,0.9998263895511628,0.8836805522441864,0.0007567504020244432,0.002799410248348985,0.0044952391064725815,0.36451531052589414,0.001410769317765335,0.0036046153595726974
361,0.0039025102742016315,1.0,0.36060869693756104,0.8854166865348816,1e-04,0.9998263895511628,0.8836805522441864,0.0007567504020244432,0.002799410248348985,0.004431755316909402,0.36404921412467955,0.0014074421446640577,0.0034745943647646747
362,0.009026505053043365,0.9965277910232544,0.3575613498687744,0.8854166865348816,1e-04,0.9996527791023254,0.8836805522441864,0.0010416626930236815,0.002799410248348985,0.004725042067002505,0.3633570671081543,0.0016940166328571424,0.003315644799155115
363,0.002869559917598963,1.0,0.3563217222690582,0.8819444179534912,1e-04,0.9996527791023254,0.8835069388151169,0.0010416626930236817,0.0027940214952301367,0.004678073828108609,0.3626547515392303,0.0017313761825060044,0.003243050190059324
364,0.005438097286969423,1.0,0.3555678725242615,0.8819444179534912,1e-04,0.9996527791023254,0.8831597149372101,0.0010416626930236817,0.002521862877401262,0.004616499086841941,0.36218134462833407,0.0016806089865503996,0.003538493093255424
365,0.002863735891878605,1.0,0.3544544577598572,0.8854166865348816,1e-04,0.9996527791023254,0.8829861044883728,0.0010416626930236817,0.0022233246099906253,0.004516615718603134,0.3617405444383621,0.00172194074133942,0.003905452446642221
366,0.003886990249156952,1.0,0.35294342041015625,0.8819444179534912,1e-04,0.9996527791023254,0.8828124910593033,0.0010416626930236817,0.0021614577919181832,0.00456012380309403,0.3612670511007309,0.0016942668912253993,0.004344560195453793
367,0.008417048491537571,1.0,0.353216290473938,0.8819444179534912,1e-04,0.9996527791023254,0.8826388776302337,0.0010416626930236817,0.0020833492279479057,0.004819446383044124,0.36084762364625933,0.0018597589657135493,0.004683408607369031
368,0.006198748480528593,1.0,0.3526186943054199,0.8784722089767456,1e-04,0.9996527791023254,0.882291653752327,0.0010416626930236817,0.002168415285885871,0.004950683785136789,0.3604245200753212,0.001859851361973024,0.0050138154827675105
369,0.003875169437378645,1.0,0.35219258069992065,0.875,1e-04,0.9996527791023254,0.8819444328546524,0.0010416626930236817,0.002689580745668944,0.004830024868715555,0.36007617563009264,0.0018473921684022628,0.005322144821596257
370,0.006173511501401663,1.0,0.35277092456817627,0.875,1e-04,0.9996527791023254,0.8817708224058152,0.0010416626930236817,0.0030020233926888566,0.0048953578690998254,0.3597423270344734,0.001870499780681534,0.005555390943636784
371,0.004470052197575569,1.0,0.356122225522995,0.875,1e-04,0.9996527791023254,0.8814236015081406,0.0010416626930236817,0.00334399119770297,0.004962784610688687,0.3594595938920975,0.0018291915709411823,0.005588444798242951
372,0.003930419217795134,1.0,0.35837939381599426,0.8784722089767456,1e-04,0.9996527791023254,0.8814236015081406,0.0010416626930236817,0.00334399119770297,0.004950528568588197,0.3592774704098701,0.0018352364449061341,0.005561261245741134
373,0.010440843179821968,0.9965277910232544,0.35955730080604553,0.8819444179534912,1e-04,0.9994791686534882,0.8814236015081406,0.0012398265948186373,0.00334399119770297,0.005265247425995767,0.3591319411993027,0.00217804883963983,0.005513748804251932
374,0.003360872156918049,1.0,0.3589814007282257,0.8888888955116272,1e-04,0.9994791686534882,0.8817708253860473,0.0012398265948186373,0.003719500093878692,0.005252687865868211,0.3589040324091911,0.0021882459609670673,0.005420263288884528
375,0.0033042454160749912,1.0,0.35963574051856995,0.875,1e-04,0.9996527791023254,0.8814236044883728,0.0010416626930236817,0.004000601916965153,0.005091659049503506,0.35861872136592865,0.00220712375613204,0.005220371164311049
376,0.0035902257077395916,1.0,0.35793957114219666,0.8854166865348816,1e-04,0.9996527791023254,0.8815972179174423,0.0010416626930236817,0.004093696001598933,0.005030246824026108,0.35809151977300646,0.0022308310806804623,0.0047044235929140366
377,0.004962937906384468,1.0,0.35599201917648315,0.8854166865348816,1e-04,0.9996527791023254,0.8817708313465118,0.0010416626930236817,0.004177510617997561,0.005105853558052331,0.3574617594480515,0.002201450738224718,0.004055540197402806
378,0.003779882797971368,1.0,0.3560202419757843,0.8819444179534912,1e-04,0.9996527791023254,0.8815972179174423,0.0010416626930236817,0.004093696001598932,0.005102539889048785,0.3568816691637039,0.0022033933876630307,0.003324639432423658
379,0.006516609340906143,1.0,0.35528016090393066,0.8854166865348816,1e-04,0.9996527791023254,0.8817708313465118,0.0010416626930236817,0.004177510617997561,0.005015288561116904,0.356407730281353,0.0021091028583568026,0.002802549210409491
380,0.0052383956499397755,1.0,0.35908594727516174,0.8888888955116272,1e-04,0.9996527791023254,0.8819444417953491,0.0010416626930236817,0.004392059112277944,0.005112318007741123,0.3562625005841255,0.0020721732065890233,0.002575547286778815
381,0.0025393925607204437,1.0,0.3612702488899231,0.8854166865348816,1e-04,0.9996527791023254,0.8819444417953491,0.0010416626930236817,0.004392059112277944,0.005044162122067064,0.3562955781817436,0.002132386480810444,0.002634721183835141
382,0.002865178044885397,1.0,0.36239805817604065,0.8854166865348816,1e-04,0.9998263895511628,0.8819444417953491,0.0007567504020244432,0.004392059112277944,0.0047360957716591654,0.35653741359710694,0.0019739840543239514,0.0029436670250354464
383,0.008418712764978409,0.9965277910232544,0.36938250064849854,0.8819444179534912,1e-04,0.9996527791023254,0.8819444417953491,0.0010416626930236815,0.004392059112277944,0.005013553414028138,0.35719045251607895,0.0020793065898673637,0.004060320511367364
384,0.004621585365384817,1.0,0.3823392391204834,0.8715277910232544,1e-04,0.9996527791023254,0.8814236104488373,0.0010416626930236817,0.0049441125209278,0.004972727817948908,0.35852902084589006,0.002078585874561329,0.006796018876787982
385,0.003851169953122735,1.0,0.38607925176620483,0.875,1e-04,0.9996527791023254,0.8809027761220932,0.0010416626930236817,0.005043697646781943,0.005022099521011114,0.36011026054620743,0.002039260632645766,0.008989227528260098
386,0.004360819235444069,1.0,0.3809084892272949,0.8784722089767456,1e-04,0.9996527791023254,0.8807291656732559,0.0010416626930236817,0.005064570792413162,0.00504579097032547,0.36150851398706435,0.0020286605361518007,0.009895010601647464
387,0.005605173762887716,1.0,0.3750711679458618,0.8784722089767456,1e-04,0.9996527791023254,0.8805555552244186,0.0010416626930236817,0.005079427870802408,0.004905197233892977,0.36260125786066055,0.0018823053854064012,0.010123061602803551
388,0.005483429413288832,1.0,0.37157508730888367,0.8854166865348816,1e-04,0.9996527791023254,0.8809027791023254,0.0010416626930236817,0.005161834593900616,0.0048694312805309895,0.36354907751083376,0.001864094483064328,0.01003104760812499
389,0.004475225228816271,1.0,0.36729323863983154,0.8888888955116272,1e-04,0.9996527791023254,0.8815972238779068,0.0010416626930236817,0.005254431038377071,0.004899434070102871,0.3643041104078293,0.0018526441008277223,0.00971103895461786
390,0.00344362435862422,1.0,0.36465194821357727,0.8888888955116272,1e-04,0.9996527791023254,0.8822916686534882,0.0010416626930236817,0.0052544312353162495,0.0047629397129639985,0.36489816159009936,0.0018543098138001474,0.009343806052530513
391,0.0036448745522648096,1.0,0.36795398592948914,0.8854166865348816,1e-04,0.9996527791023254,0.8828125029802323,0.0010416626930236817,0.005016736435282447,0.00472168083069846,0.365489749610424,0.0018694857369166208,0.009141815223930058
392,0.003384856740012765,1.0,0.3721212148666382,0.8784722089767456,1e-04,0.9996527791023254,0.8828125029802323,0.0010416626930236817,0.005016736435282447,0.004694402706809342,0.36617684066295625,0.0018847501187056427,0.009097892616977805
393,0.003991090692579746,1.0,0.37301650643348694,0.8819444179534912,1e-04,0.9998263895511628,0.8828125029802323,0.0007567504020244432,0.005016736435282447,0.004371915082447231,0.3668498009443283,0.0013497919195447578,0.009081129364045084
394,0.004018246661871672,1.0,0.37224122881889343,0.8819444179534912,1e-04,0.9998263895511628,0.8824652791023254,0.0007567504020244432,0.004820646358176958,0.004404783807694912,0.3675127923488617,0.001332667081716737,0.008965776126601113
395,0.005783609114587307,1.0,0.3731175661087036,0.8819444179534912,1e-04,0.9998263895511628,0.8828125,0.0007567504020244432,0.004510555860629623,0.004528751992620528,0.3681868836283684,0.0013398254228042285,0.008854322089653109
396,0.004035815130919218,1.0,0.37522444128990173,0.8888888955116272,1e-04,0.9998263895511628,0.8829861104488372,0.0007567504020244432,0.004671403785713454,0.004551031463779509,0.3690511271357536,0.001327683526623714,0.008653212874982866
397,0.004077404271811247,1.0,0.37883755564689636,0.8888888955116272,1e-04,0.9998263895511628,0.8831597208976746,0.0007567504020244432,0.004820646358176958,0.004506754782050848,0.3701934039592743,0.0013279743643228566,0.008356733263291827
398,0.003504623658955097,1.0,0.3803805708885193,0.8888888955116272,1e-04,0.9998263895511628,0.8835069447755813,0.0007567504020244432,0.004968439484865149,0.004492991825100034,0.37141142040491104,0.0013368330818193197,0.007968464045452508
399,0.0034405728802084923,1.0,0.37895849347114563,0.8923611044883728,1e-04,0.9998263895511628,0.8838541656732559,0.0007567504020244432,0.005319988730684054,0.004339190002065152,0.3725953370332718,0.001270470612466953,0.00720637215245757
400,0.011396689340472221,0.9965277910232544,0.3814987242221832,0.8888888955116272,1e-04,0.9996527791023254,0.8838541656732559,0.0010416626930236815,0.005319988730684054,0.004647104686591774,0.3737159758806229,0.0019923027957409875,0.006746428889677915
401,0.006069736555218697,0.9965277910232544,0.3836568593978882,0.8819444179534912,1e-04,0.9994791686534882,0.8836805522441864,0.0012398265948186373,0.005322820842124842,0.004823621886316687,0.37483530640602114,0.0019537614131523388,0.006438761851259346
402,0.004898487124592066,1.0,0.3865523040294647,0.8888888955116272,1e-04,0.9994791686534882,0.8838541626930236,0.0012398265948186373,0.00543211883110279,0.0049252873403020205,0.37604301869869233,0.0019014081416629293,0.006255336096809274
403,0.003588006366044283,1.0,0.38722026348114014,0.8888888955116272,1e-04,0.9996527791023254,0.8842013865709305,0.0010416626930236817,0.005520183063364881,0.004683752020355314,0.3769349068403244,0.0017424777102497272,0.0065086235287002995
404,0.005330721382051706,1.0,0.3883305788040161,0.8888888955116272,1e-04,0.9996527791023254,0.8850694417953491,0.0010416626930236817,0.0047735245865682735,0.004719208821188659,0.37723447382450104,0.0017480579564450882,0.00687787514177362
405,0.0031448963563889265,1.0,0.3865344822406769,0.8888888955116272,1e-04,0.9996527791023254,0.8857638865709305,0.0010416626930236817,0.004238397322489114,0.004683895141351968,0.37725723534822464,0.001772204270428469,0.0069077964188306714
406,0.0035943968687206507,1.0,0.3837510049343109,0.8888888955116272,1e-04,0.9996527791023254,0.8862847208976745,0.0010416626930236817,0.003939873018824688,0.004645574023015797,0.3773993611335754,0.0017870005288943783,0.0070099444400462925
407,0.0037611243315041065,1.0,0.38084301352500916,0.8888888955116272,1e-04,0.9996527791023254,0.8868055552244186,0.0010416626930236817,0.0035409956444215976,0.004553371551446616,0.3776879534125328,0.0017826779222024276,0.007026944461339344
408,0.005839401390403509,1.0,0.375207781791687,0.8888888955116272,1e-04,0.9996527791023254,0.886979165673256,0.0010416626930236817,0.0035537412809099845,0.004571170150302351,0.377869588136673,0.0017936184210144551,0.006912609004791137
409,0.005466863978654146,1.0,0.36807364225387573,0.8854166865348816,1e-04,0.9996527791023254,0.8868055552244186,0.0010416626930236817,0.003540995644421597,0.004620752087794245,0.37790860831737516,0.0018039572533700356,0.0068547582037286475
410,0.005362406373023987,1.0,0.3621078133583069,0.8784722089767456,1e-04,0.9996527791023254,0.8862847208976745,0.0010416626930236817,0.003939873018824689,0.004716691188514232,0.37778140157461165,0.0017897705244919906,0.007118134073458102
411,0.0036028707399964333,1.0,0.359205961227417,0.8854166865348816,1e-04,0.9996527791023254,0.8862847208976745,0.0010416626930236817,0.003939873018824688,0.0047145909979008135,0.37734400033950805,0.0017910511924647747,0.007930949321409418
412,0.003553921589627862,1.0,0.3593771159648895,0.8819444179534912,1e-04,0.9996527791023254,0.8864583313465119,0.0010416626930236817,0.0036582240463302364,0.004723044240381569,0.37670679539442065,0.0017851445125412208,0.008790364002615885
413,0.003803981700912118,1.0,0.36140167713165283,0.8819444179534912,1e-04,0.9996527791023254,0.8864583313465119,0.0010416626930236817,0.0036582240463302364,0.004713688790798187,0.3761260539293289,0.0017894410870394543,0.009378947663267679
414,0.002193686319515109,1.0,0.3630220890045166,0.8854166865348816,1e-04,0.9996527791023254,0.8866319447755814,0.0010416626930236817,0.0035196508406503545,0.0046224607736803595,0.37566509693861005,0.0018673819876787508,0.009776670161850801
415,0.006094084586948156,1.0,0.36463677883148193,0.8819444179534912,1e-04,0.9996527791023254,0.8866319447755814,0.0010416626930236817,0.003519650840650355,0.004637984547298401,0.375241057574749,0.0018782292350160547,0.010057840942202974
416,0.004117035306990147,1.0,0.3666023015975952,0.8819444179534912,1e-04,0.9996527791023254,0.8862847208976745,0.0010416626930236817,0.0036209572868021998,0.004642045556101948,0.37480995059013367,0.0018770102750715713,0.010232580447915602
417,0.0035805711522698402,1.0,0.3688208758831024,0.8819444179534912,1e-04,0.9996527791023254,0.8859374970197678,0.0010416626930236817,0.003686948936834341,0.004617203900124878,0.374309116601944,0.001887576719329796,0.010268263660765421
418,0.004156461916863918,1.0,0.37130436301231384,0.8819444179534912,1e-04,0.9996527791023254,0.885590273141861,0.0010416626930236817,0.003719505936280319,0.004649795813020319,0.3738553062081337,0.001873661137365704,0.010190171445195934
419,0.0023352387361228466,1.0,0.3750206530094147,0.875,1e-04,0.9996527791023254,0.8847222179174423,0.0010416626930236817,0.004049282768861635,0.0045945291058160365,0.37365841418504714,0.0019241360052756787,0.010127517132052942
420,0.00356691749766469,1.0,0.3703528642654419,0.8819444179534912,1e-04,0.9998263895511628,0.8843749940395356,0.0007567504020244432,0.0039741508582467455,0.00420304051367566,0.37310112118721006,0.001135062173180689,0.009986432682105103
421,0.005123261362314224,1.0,0.36492836475372314,0.8819444179534912,1e-04,1.0,0.8843749940395356,0.0,0.0039741508582467455,0.0041557167540304365,0.37216469645500183,0.0010743552548838496,0.009829570863601434
422,0.0037862712051719427,1.0,0.36014872789382935,0.8854166865348816,1e-04,1.0,0.8842013835906982,0.0,0.0038469761233874728,0.00410010595805943,0.3708445176482201,0.0010631960132437325,0.00957844474421624
423,0.005404321942478418,1.0,0.35816335678100586,0.8923611044883728,1e-04,1.0,0.8843749940395356,0.0,0.004123044816870491,0.004190921736881137,0.36939167231321335,0.0010927373536161239,0.00917977034671027
424,0.0024918706621974707,1.0,0.35866057872772217,0.8854166865348816,1e-04,1.0,0.8842013835906982,0.0,0.004000606055553657,0.004048979200888425,0.36790817230939865,0.0011195127541151844,0.00836009096126848
425,0.002801052527502179,1.0,0.3597678244113922,0.8888888955116272,1e-04,1.0,0.8842013835906982,0.0,0.004000606055553657,0.004031787009444088,0.3665698394179344,0.0011357865093411853,0.007352977496533981
426,0.00397164560854435,1.0,0.36095482110977173,0.8923611044883728,1e-04,1.0,0.8843749940395356,0.0,0.004266746076314115,0.004050649446435272,0.36543003022670745,0.0011314904091141002,0.006291574697730572
427,0.0034447768703103065,1.0,0.3618525266647339,0.8888888955116272,1e-04,1.0,0.8843749940395356,0.0,0.004266746076314115,0.004034832073375583,0.3644805058836937,0.0011376217279671238,0.005238724995479162
428,0.0037931064143776894,1.0,0.36134985089302063,0.8888888955116272,1e-04,1.0,0.8843749940395356,0.0,0.004266746076314115,0.003932517324574292,0.36378760933876036,0.0010601004347860629,0.004658375421699955
429,0.0036475318484008312,1.0,0.36009371280670166,0.8888888955116272,1e-04,1.0,0.8845486044883728,0.0,0.004374870358541036,0.003841550718061626,0.3633886128664017,0.0010009434857524964,0.004615734292238744
430,0.0036973203532397747,1.0,0.35820266604423523,0.8888888955116272,1e-04,1.0,0.8850694388151169,0.0,0.004238395857605443,0.003758296417072415,0.3631933555006981,0.000938267875812893,0.004746531098687474
431,0.0027137487195432186,1.0,0.360005259513855,0.8888888955116272,1e-04,1.0,0.8852430492639541,0.0,0.0043194030006128495,0.0037138403160497544,0.36323332041502,0.0009652545775235943,0.0047160568723211
432,0.0045913998037576675,1.0,0.3588424324989319,0.8923611044883728,1e-04,1.0,0.8857638835906982,0.0,0.004513896428648278,0.0037657142267562447,0.3632065862417221,0.0009829813475283019,0.004739299199614567
433,0.0038829445838928223,1.0,0.35862091183662415,0.8888888955116272,1e-04,1.0,0.886111107468605,0.0,0.004473652381978531,0.00376966237090528,0.36306754797697066,0.000983285650052486,0.004830130526921623
434,0.00306189083494246,1.0,0.35668253898620605,0.8923611044883728,1e-04,1.0,0.8864583283662796,0.0,0.004671404007222655,0.0038130725966766476,0.36275057047605513,0.0009304989110825489,0.0050267285420750474
435,0.0026488257572054863,1.0,0.35411956906318665,0.8923611044883728,1e-04,1.0,0.8869791626930237,0.0,0.004719546158204689,0.0036408096551895142,0.3622247099876404,0.0008023568113307317,0.005342124179938064
436,0.0028851765673607588,1.0,0.3521944582462311,0.8958333134651184,1e-04,1.0,0.887673607468605,0.0,0.004944110532565911,0.0035792167182080448,0.3615043178200722,0.0008106739710896424,0.00566493229998472
437,0.0044717020355165005,1.0,0.3523426055908203,0.8923611044883728,1e-04,1.0,0.8881944417953491,0.0,0.0048611121518461475,0.003623773262370378,0.36068040430545806,0.0008336866390500317,0.005738716924360612
438,0.0022921261843293905,1.0,0.3525371551513672,0.8923611044883728,1e-04,1.0,0.8887152761220932,0.0,0.004719539909312505,0.0035305564757436513,0.3597420439124107,0.0008722501818360218,0.005452022754880452
439,0.003289863932877779,1.0,0.3528312146663666,0.8923611044883728,1e-04,1.0,0.8895833313465118,0.0,0.0035748706761935373,0.003578287735581398,0.35863257199525833,0.0008306621013530274,0.004382899432023372
440,0.002960716839879751,1.0,0.35382169485092163,0.8888888955116272,1e-04,1.0,0.8899305552244187,0.0,0.003124995695237819,0.003547977702692151,0.35780601352453234,0.0008415129559168134,0.003579884484961869
441,0.004439708311110735,1.0,0.35586467385292053,0.8888888955116272,1e-04,1.0,0.8902777791023254,0.0,0.002551542082001411,0.0035138000501319768,0.35735282897949217,0.0007890875658171545,0.003203473478622596
442,0.002585442503914237,1.0,0.35464587807655334,0.8923611044883728,1e-04,1.0,0.890625,0.0,0.002329228591226448,0.0034537586150690915,0.35707768648862837,0.0008114398146303654,0.0031877994856242303
443,0.0026743740309029818,1.0,0.35615333914756775,0.8923611044883728,1e-04,1.0,0.890625,0.0,0.002329228591226448,0.0033172612194903193,0.35697718560695646,0.000692777154327173,0.0031836695862617437
444,0.0025128491688519716,1.0,0.3549460172653198,0.8923611044883728,1e-04,1.0,0.8909722208976746,0.0,0.002024628351225365,0.0033183101448230447,0.35679145753383634,0.0006915414261419931,0.0031883928144120508
445,0.0037590516731142998,1.0,0.35860779881477356,0.8888888955116272,1e-04,1.0,0.8909722208976746,0.0,0.002024628351225365,0.0033662101021036507,0.35673345625400543,0.000687219048606207,0.003143962687991641
446,0.006029812153428793,1.0,0.36669766902923584,0.8888888955116272,1e-04,1.0,0.8907986104488372,0.0,0.002046837004849674,0.0034691184293478726,0.35702059864997865,0.0008933594370236633,0.0037249605873279643
447,0.00404298584908247,1.0,0.3679635524749756,0.8888888955116272,1e-04,1.0,0.8907986104488372,0.0,0.002046837004849674,0.003499028878286481,0.3573261499404907,0.0009020160829831975,0.004313004207026122
448,0.0036768929567188025,1.0,0.3627992272377014,0.8888888955116272,1e-04,1.0,0.8907986104488372,0.0,0.002046837004849674,0.0034932182054035364,0.3573986187577248,0.0009004759584237401,0.0043914660248767015
449,0.0057858857326209545,1.0,0.3672540485858917,0.8784722089767456,1e-04,1.0,0.8902777761220932,0.0,0.0033664419546452977,0.0036001358996145425,0.35775663554668424,0.001030073367707787,0.004863136445209421
450,0.0022802394814789295,1.0,0.36731475591659546,0.8784722089767456,1e-04,1.0,0.8897569417953491,0.0,0.004234829908241912,0.0035292818560265006,0.3582122400403023,0.001068955066500517,0.005291545777952553
451,0.0039190370589494705,1.0,0.3643364906311035,0.8784722089767456,1e-04,1.0,0.889236107468605,0.0,0.0048981731775892155,0.003589546272996813,0.3584288015961647,0.0010551653307986934,0.005446846255954856
452,0.002861929126083851,1.0,0.3637481927871704,0.8819444179534912,1e-04,1.0,0.8887152731418609,0.0,0.005088318834576175,0.003503072739113122,0.3586740896105766,0.0010402797768035152,0.005569040270276069
453,0.004382057581096888,1.0,0.35939109325408936,0.8854166865348816,1e-04,1.0,0.8885416626930237,0.0,0.005138421393597472,0.0035280283889733257,0.3587125986814499,0.0010549762159714647,0.005571201836307443
454,0.0036386954598128796,1.0,0.3567236661911011,0.8854166865348816,1e-04,1.0,0.8881944417953491,0.0,0.005103104847486783,0.0035568686202168466,0.35871465504169464,0.0010497100582502806,0.005570459691668503
455,0.0025829386431723833,1.0,0.35338881611824036,0.8854166865348816,1e-04,1.0,0.8878472208976745,0.0,0.005043694979590079,0.0035535742645151913,0.3586781173944473,0.001052653903981891,0.005602782650725635
456,0.00202655210159719,1.0,0.3525148928165436,0.8854166865348816,1e-04,1.0,0.8873263895511627,0.0,0.00471954286931262,0.003510643041227013,0.35869413912296294,0.001095668385899387,0.005584647866952668
457,0.0030489691998809576,1.0,0.35190248489379883,0.8854166865348816,1e-04,1.0,0.8869791686534881,0.0,0.004590038463789713,0.0034395063994452357,0.35867213308811186,0.001076988489873176,0.005610439998807459
458,0.002579114167019725,1.0,0.3526447117328644,0.8854166865348816,1e-04,1.0,0.8866319477558136,0.0,0.004429638427602707,0.0034538557985797523,0.35867751091718675,0.0010634321670152385,0.005604605316580335
459,0.0014907576842233539,1.0,0.35278087854385376,0.8854166865348816,1e-04,1.0,0.8862847268581391,0.0,0.004234833573584242,0.003363900486147031,0.3586749941110611,0.0011463590446873612,0.005607240773769369
460,0.0025332269724458456,1.0,0.3536308705806732,0.8854166865348816,1e-04,1.0,0.8861111164093017,0.0,0.004195505307988578,0.0033425259927753357,0.3586654528975487,0.0011576075596060123,0.00561564702276893
461,0.0038612373173236847,1.0,0.356435090303421,0.8854166865348816,1e-04,1.0,0.8859375059604645,0.0,0.004148545890655352,0.0033136024430859834,0.3586939737200737,0.0011368734803212264,0.005602783749997748
462,0.003585604252293706,1.0,0.3601147532463074,0.8784722089767456,1e-04,1.0,0.8852430611848832,0.0,0.004177509007878975,0.0033636105305049568,0.3589674174785614,0.0011256859712238925,0.005531545088520635
463,0.005102524533867836,1.0,0.36494043469429016,0.8784722089767456,1e-04,1.0,0.8845486164093017,0.0,0.004090015027146238,0.0034850180556531994,0.3594067722558975,0.0011746777713837328,0.005638515171238781
464,0.0015599641483277082,1.0,0.3706205487251282,0.8819444179534912,1e-04,1.0,0.8840277820825577,0.0,0.0037073303746696256,0.003437373804626986,0.36019049882888793,0.001231110840667665,0.006039134737350538
465,0.003080641617998481,1.0,0.3730658292770386,0.8819444179534912,1e-04,1.0,0.8836805582046509,0.0,0.003557981619086787,0.0034034533018711954,0.3609134003520012,0.0012311264604407419,0.006641688151703176
466,0.004813322797417641,1.0,0.3766021728515625,0.8819444179534912,1e-04,1.0,0.8833333343267441,0.0,0.00336645793881248,0.003342628834070638,0.36140862554311753,0.0011253760725108745,0.007382463304018911
467,0.002388861496001482,1.0,0.3764987289905548,0.8819444179534912,1e-04,1.0,0.8829861104488372,0.0,0.003125014570054104,0.0032599226164165885,0.3618353843688965,0.0011316313867492029,0.007972192238551676
468,0.007497306447476149,0.9965277910232544,0.37262168526649475,0.8854166865348816,1e-04,0.9998263895511628,0.8828125,0.0007567504020244432,0.002879030549635187,0.0034509432909544556,0.36232650727033616,0.0014605405063628618,0.008311763476121914
469,0.0053685796447098255,1.0,0.36698323488235474,0.8784722089767456,1e-04,0.9998263895511628,0.8828125,0.0007567504020244432,0.002879030549635187,0.0034300779865588994,0.3623129665851593,0.0014296894273815553,0.00830394190518218
470,0.0029421651270240545,1.0,0.3692847788333893,0.8784722089767456,1e-04,0.9998263895511628,0.8828125,0.0007567504020244432,0.002879030549635187,0.0034631742688361554,0.36241146773099897,0.001410217363885004,0.008374076794747823
471,0.003381655551493168,1.0,0.3695683479309082,0.8784722089767456,1e-04,0.9998263895511628,0.8828125,0.0007567504020244432,0.002879030549635187,0.0034363051934633406,0.36267306059598925,0.0014063899839961702,0.008510728076305601
472,0.0032174375373870134,1.0,0.3698277175426483,0.8784722089767456,1e-04,0.9998263895511628,0.8826388895511628,0.0007567504020244432,0.0030270289566075833,0.0034540806140284986,0.36297703683376314,0.0014012553588526899,0.008651112713141496
473,0.0031036834698170424,1.0,0.3688887059688568,0.8854166865348816,1e-04,0.9998263895511628,0.8826388895511628,0.0007567504020244432,0.0030270289566075837,0.0033901619084645064,0.3634519174695015,0.0013865470872478543,0.008701763130974661
474,0.004846611991524696,1.0,0.36511850357055664,0.8854166865348816,1e-04,0.9998263895511628,0.8826388895511628,0.0007567504020244432,0.0030270289566075837,0.003450557735050097,0.36387165933847426,0.0014219138740449652,0.008568541623250004
475,0.0023430194705724716,1.0,0.36363306641578674,0.8888888955116272,1e-04,0.9998263895511628,0.8828125,0.0007567504020244432,0.003271098383930007,0.0034385617764201015,0.3643838718533516,0.0014301709926133584,0.008225927918424067
476,0.003455372992902994,1.0,0.36589697003364563,0.8888888955116272,1e-04,0.9998263895511628,0.8829861104488372,0.0007567504020244432,0.003489553523685695,0.0035100028209853916,0.3650529757142067,0.0013930580784821593,0.007764601102365038
477,0.0034609620925039053,1.0,0.3697492778301239,0.8888888955116272,1e-04,0.9998263895511628,0.8831597208976746,0.0007567504020244432,0.0036869501998391617,0.003530602465616539,0.3659453153610229,0.0013891289048639593,0.007207548298199954
478,0.0033430124167352915,1.0,0.3703325092792511,0.8854166865348816,1e-04,0.9998263895511628,0.8831597208976746,0.0007567504020244432,0.0036869501998391613,0.0035687973781023175,0.3668297052383423,0.0013728485951452832,0.006579033188540531
479,0.00377740990370512,1.0,0.3698592185974121,0.8854166865348816,1e-04,0.9998263895511628,0.8831597208976746,0.0007567504020244432,0.0036869501998391617,0.0036831299890764057,0.3676836222410202,0.0012875965323366305,0.0057571628805780555
480,0.002819373272359371,1.0,0.36801350116729736,0.8819444179534912,1e-04,0.9998263895511628,0.8829861074686051,0.0007567504020244432,0.0036582254606941774,0.003697437304072082,0.3684027537703514,0.0012762797760380818,0.004770662828261751
481,0.002155615948140621,1.0,0.36679762601852417,0.8819444179534912,1e-04,0.9998263895511628,0.8828124940395355,0.0007567504020244432,0.0036209587157190375,0.003612156235612929,0.36892088055610656,0.0013187631851661376,0.003931709776540064
482,0.003339162329211831,1.0,0.37020063400268555,0.8819444179534912,1e-04,0.9998263895511628,0.8829861044883728,0.0007567504020244432,0.0034895523375127104,0.003599834139458835,0.3694251745939255,0.0013201043662345803,0.003377650636869213
483,0.0033903552684932947,1.0,0.37169140577316284,0.8854166865348816,1e-04,0.9998263895511628,0.8833333283662796,0.0007567504020244432,0.003366457324042281,0.003514225676190108,0.3697627231478691,0.0012746124421034676,0.0032474190348632083
484,0.004109255038201809,1.0,0.37179410457611084,0.8784722089767456,1e-04,0.9998263895511628,0.8831597179174423,0.0007567504020244432,0.0035196540747465515,0.003641690220683813,0.36982140094041827,0.0011979715182677036,0.003272891625757524
485,0.004015234764665365,1.0,0.3673363924026489,0.875,1e-04,0.9998263895511628,0.8828124970197677,0.0007567504020244432,0.003939873675460999,0.0036884198780171573,0.36953492909669877,0.0011933943595033019,0.0032267942430182564
486,0.003716417821124196,1.0,0.3652271032333374,0.875,1e-04,0.9998263895511628,0.8824652761220932,0.0007567504020244432,0.004291400662690127,0.003633574629202485,0.3689661756157875,0.0011653115297266554,0.0029187826287077837
487,0.0027432213537395,1.0,0.36381277441978455,0.875,1e-04,0.9998263895511628,0.8821180552244187,0.0007567504020244432,0.004590044663543058,0.003651292622089386,0.36833187788724897,0.0011488289440121917,0.0025705772897113063
488,0.002659374615177512,1.0,0.3627234697341919,0.875,1e-04,1.0,0.8815972208976746,0.0,0.004773523719453009,0.003409396030474454,0.36783696711063385,0.0007555778788012139,0.0026486828157750446
489,0.0032578788232058287,1.0,0.3601152300834656,0.875,1e-04,1.0,0.8814236104488373,0.0,0.004944114613919595,0.0033038609893992544,0.3674935668706894,0.0006074439377666908,0.0031372623629121396
490,0.0027661004569381475,1.0,0.35725945234298706,0.8784722089767456,1e-04,1.0,0.8814236104488373,0.0,0.004944114613919595,0.003295057755894959,0.3668923005461693,0.0006138638002684698,0.003815406522807704
491,0.0055006686598062515,1.0,0.35642749071121216,0.8819444179534912,1e-04,1.0,0.8815972208976746,0.0,0.004898178459182533,0.0034010084113106132,0.3662352576851845,0.0007800411770922976,0.0043867040448307935
492,0.002901796018704772,1.0,0.3572542369365692,0.8819444179534912,1e-04,1.0,0.8817708313465118,0.0,0.004845591186278025,0.003385226335376501,0.3656065836548805,0.0007867597482063097,0.004715462822834538
493,0.0034662531688809395,1.0,0.3608030080795288,0.8819444179534912,1e-04,1.0,0.8815972179174423,0.0,0.004773521334880571,0.003403354820329696,0.3652022987604141,0.00078423670378335,0.004763112840239216
494,0.0030343581456691027,1.0,0.3635377883911133,0.8819444179534912,1e-04,1.0,0.8814236044883728,0.0,0.004693929556254351,0.003312742128036916,0.36512326300144193,0.0007137751128623544,0.004776942111271469
495,0.0031939151231199503,1.0,0.36775460839271545,0.8819444179534912,1e-04,1.0,0.881076380610466,0.0,0.004374865036531736,0.0033552869106642904,0.3653293401002884,0.0006792295226561769,0.004797069188471607
496,0.002513773273676634,1.0,0.37121808528900146,0.8784722089767456,1e-04,1.0,0.8805555462837219,0.0,0.004019389472644234,0.0033082069247029723,0.36559539586305617,0.0007028816530814665,0.004965767104677696
497,0.002359183272346854,1.0,0.3723129630088806,0.8784722089767456,1e-04,1.0,0.8800347119569778,0.0,0.0035537307981765897,0.0032531179836951195,0.365723580121994,0.0007313504046551428,0.005102544500714927
498,0.0037614863831549883,1.0,0.3732644319534302,0.8784722089767456,1e-04,1.0,0.879687488079071,0.0,0.0033439836161114496,0.0032740416820161043,0.36587017625570295,0.0007395630360298588,0.005272151446393654
499,0.0020583870355039835,1.0,0.37437015771865845,0.8784722089767456,1e-04,1.0,0.8793402642011643,0.0,0.0030812856766222634,0.0031880905386060475,0.3660957232117653,0.0007751049721535874,0.005528252051747789
500,0.0022735202219337225,1.0,0.37527114152908325,0.8819444179534912,1e-04,1.0,0.8793402642011643,0.0,0.003081285676622264,0.0031607978860847654,0.3664586052298546,0.0007969110057346746,0.0058698729832214885
501,0.004020313266664743,1.0,0.37567445635795593,0.8854166865348816,1e-04,1.0,0.8795138776302338,0.0,0.0033122868805103914,0.0032540327520109713,0.36690244674682615,0.0007828110940009685,0.0062047773846428
502,0.003820963203907013,1.0,0.37533843517303467,0.8854166865348816,1e-04,1.0,0.8796874910593033,0.0,0.0035196426084388804,0.0032781227957457302,0.36715933680534363,0.0007924146851885591,0.006437985940372203
503,0.004562907852232456,1.0,0.37513840198516846,0.8958333134651184,1e-04,1.0,0.8802083224058151,0.0,0.004848691969775544,0.0033367504249326883,0.3673316866159439,0.0008404687145099621,0.006601079465659944
504,0.0022664698772132397,1.0,0.37460076808929443,0.8958333134651184,1e-04,1.0,0.8810763776302337,0.0,0.005900220905471332,0.00324461116688326,0.3674720197916031,0.0008516659385353845,0.006723159620484713
505,0.004000682849436998,1.0,0.3750420808792114,0.8958333134651184,1e-04,1.0,0.8821180433034896,0.0,0.006539860768013803,0.0032438835711218416,0.3678573042154312,0.0008510132340045105,0.006922196378270841
506,0.0019109062850475311,1.0,0.37570953369140625,0.8923611044883728,1e-04,1.0,0.8829860985279083,0.0,0.006687970326691862,0.0031536079943180082,0.36838142573833466,0.0008909269532749518,0.007097821979694442
507,0.0038950953166931868,1.0,0.3763037919998169,0.8923611044883728,1e-04,1.0,0.883854153752327,0.0,0.006721686958728039,0.0032112016924656928,0.36900597661733625,0.0008997239102798988,0.007216895362307878
508,0.0038194479420781136,1.0,0.3732370436191559,0.8958333134651184,1e-04,1.0,0.8848958194255829,0.0,0.006881222248556638,0.0032692053588107227,0.3695316553115845,0.0008996728340162572,0.00712241829316216
509,0.0034601998049765825,1.0,0.37387338280677795,0.8993055820465088,1e-04,1.0,0.8861110985279084,0.0,0.00716659034491762,0.0032793214078992603,0.3702195629477501,0.0009006255621625181,0.006838472205483053
510,0.0031610215082764626,1.0,0.3755398988723755,0.8993055820465088,1e-04,1.0,0.8871527671813965,0.0,0.007487458292077119,0.003299067460466176,0.3711335852742195,0.0008934575830535232,0.006240700334500777
511,0.003076765686273575,1.0,0.3750370740890503,0.8958333134651184,1e-04,1.0,0.8878472119569778,0.0,0.0076151839921608615,0.0031778723117895425,0.3720640644431114,0.0007373579188879495,0.0052942373920014255
512,0.005771305877715349,1.0,0.37391549348831177,0.8958333134651184,1e-04,1.0,0.8885416567325592,0.0,0.007678249520604755,0.003321347804740071,0.37289712727069857,0.0009249840325825801,0.0040669147796520725
513,0.0029741525650024414,1.0,0.3744974136352539,0.8958333134651184,1e-04,1.0,0.8892361015081406,0.0,0.007678248307668018,0.0032967427745461465,0.3735818475484848,0.0009273442734599009,0.00298087467667778
514,0.0073135667480528355,1.0,0.3732885718345642,0.8958333134651184,1e-04,1.0,0.8899305462837219,0.0,0.007615180323215066,0.003510703204665333,0.37406938672065737,0.0012718057213644857,0.0018994903811380601
515,0.0032286953646689653,1.0,0.3728976249694824,0.8923611044883728,1e-04,1.0,0.890451380610466,0.0,0.007404469686151134,0.0035124422167427836,0.3743265375494957,0.00127139508233788,0.001271521597452186
516,0.003214864991605282,1.0,0.3741096258163452,0.8888888955116272,1e-04,1.0,0.8909722149372101,0.0,0.006892165354220267,0.003547496802639216,0.3744711145758629,0.001252907522028006,0.0010559798380861789
517,0.0027854242362082005,1.0,0.37352287769317627,0.8923611044883728,1e-04,1.0,0.8916666597127915,0.0,0.006269260959815441,0.0035688088508322837,0.37453161031007765,0.0012360244062589209,0.0009609945028808891
518,0.0017355483723804355,1.0,0.3732701241970062,0.8923611044883728,1e-04,1.0,0.8923611044883728,0.0,0.005490065172832957,0.003467511950293556,0.37453189492225647,0.001297567431129705,0.0009606199377792488
519,0.0026866598054766655,1.0,0.37236499786376953,0.8958333134651184,1e-04,1.0,0.8932291597127915,0.0,0.004510547257437571,0.00349892558879219,0.37443163692951204,0.0012703933540341116,0.0010706087972282147
520,0.0022464203648269176,1.0,0.37399229407310486,0.8993055820465088,1e-04,1.0,0.8940972179174423,0.0,0.003882059647287265,0.0034975705959368495,0.3743676945567131,0.0012717134068315628,0.0010566585438551218
521,0.003960812464356422,1.0,0.37242934107780457,0.8993055820465088,1e-04,1.0,0.8947916626930237,0.0,0.0034895422550286024,0.0034945955558214337,0.3742054387927055,0.0012705560966341893,0.0010920987755458837
522,0.0020002408418804407,1.0,0.37257513403892517,0.8993055820465088,1e-04,1.0,0.895486107468605,0.0,0.002884253127154341,0.003403559437720105,0.37406727373600007,0.0013085695351655509,0.0011145854800204372
523,0.0037751169875264168,1.0,0.3733976185321808,0.8923611044883728,1e-04,1.0,0.8953124970197678,0.0,0.0029615924930139173,0.0033641698944848033,0.37398023456335067,0.001284718259221215,0.0010953451935297308
524,0.00363066210411489,1.0,0.37457841634750366,0.8923611044883728,1e-04,1.0,0.8951388865709304,0.0,0.003027022119503295,0.0034323795058298855,0.37397911697626113,0.0012606157594565912,0.0010947227153445722
525,0.002930015092715621,1.0,0.373916894197464,0.8958333134651184,1e-04,1.0,0.8951388865709304,0.0,0.003027022119503295,0.0033788461179938166,0.37392285764217376,0.0012580764424459834,0.001067216792212686
526,0.0032595994416624308,1.0,0.37327390909194946,0.8923611044883728,1e-04,1.0,0.8951388865709304,0.0,0.0030270221195032947,0.0034462807758245616,0.37380107641220095,0.0012129210703067527,0.0009927573517249314
527,0.0025269200559705496,1.0,0.37157872319221497,0.8888888955116272,1e-04,1.0,0.8949652761220932,0.0,0.0032710912661031584,0.0033778720127884297,0.3735648229718208,0.0012242088245024677,0.0009292550228041653
528,0.0028448808006942272,1.0,0.37178683280944824,0.8888888955116272,1e-04,1.0,0.8946180552244186,0.0,0.0035196479005878537,0.0033291436557192355,0.37349231243133546,0.0012250580842348374,0.0010054589024909473
529,0.004109714645892382,1.0,0.3701023459434509,0.8888888955116272,1e-04,1.0,0.8940972208976745,0.0,0.003557972893873761,0.0033616193977650255,0.3733037605881691,0.001236656138039104,0.0012420663085897963
530,0.0028248850721865892,1.0,0.3735465407371521,0.8888888955116272,1e-04,1.0,0.8935763865709305,0.0,0.003519642608438881,0.003344812575960532,0.3732040926814079,0.0012415426475316776,0.001133898766216837
531,0.0024632858112454414,1.0,0.37399518489837646,0.8923611044883728,1e-04,1.0,0.8934027761220932,0.0,0.0034895419584691644,0.003314138582209125,0.3731519982218742,0.0012552885193608742,0.0010706600216984093
532,0.003413013881072402,1.0,0.37564072012901306,0.8923611044883728,1e-04,1.0,0.8932291656732559,0.0,0.003450455171829394,0.0031962239823769777,0.3732382595539093,0.0011226979443806945,0.0011913909728207548
533,0.0026772853452712297,1.0,0.3763333559036255,0.8923611044883728,1e-04,1.0,0.8930555552244186,0.0,0.0034020725344708117,0.003181380621390417,0.3733300566673279,0.001127488105784084,0.0013456200655310492
534,0.002571273362264037,1.0,0.375783234834671,0.8923611044883728,1e-04,1.0,0.8928819447755814,0.0,0.0033439905787705396,0.002944265952100977,0.3734547898173332,0.0006163355388140526,0.0014477406910488187
535,0.0017112442292273045,1.0,0.3759201765060425,0.8923611044883728,1e-04,1.0,0.8928819447755814,0.0,0.0033439905787705396,0.002868393395328894,0.3736059173941612,0.0006678959316026,0.0015367167946306233
536,0.004386669024825096,1.0,0.3745117783546448,0.8923611044883728,1e-04,1.0,0.8930555552244186,0.0,0.003220011492523183,0.002926983596989885,0.3736260250210762,0.0007429051619994428,0.001545780477783673
537,0.0018850783817470074,1.0,0.3752005696296692,0.8888888955116272,1e-04,1.0,0.8928819447755814,0.0,0.0033439905787705396,0.0028819663042668254,0.37370990961790085,0.000776632406179123,0.0015829808045496017
538,0.002160334261134267,1.0,0.37649449706077576,0.8923611044883728,1e-04,1.0,0.8928819447755814,0.0,0.0033439905787705396,0.002903205598704517,0.3738711282610893,0.0007503537320861498,0.0016905213921125722
539,0.0028562007937580347,1.0,0.37746068835258484,0.8958333134651184,1e-04,1.0,0.8928819447755814,0.0,0.0033439905787705396,0.0029116826481185853,0.3741259127855301,0.0007488155523525228,0.0018231217916343527
540,0.0019034971483051777,1.0,0.3789229989051819,0.8923611044883728,1e-04,1.0,0.8925347208976746,0.0,0.0030020187391710377,0.0028945364872924985,0.37437244802713393,0.0007675440999949893,0.0021006433551966097
541,0.0059562791138887405,0.9965277910232544,0.37060922384262085,0.8923611044883728,1e-04,0.9998263895511628,0.8921874970197677,0.0007567504020244432,0.002569208280187641,0.0029943098197691143,0.37428144216537473,0.0009955076093010392,0.0022189479536879058
542,0.002196695189923048,1.0,0.36750033497810364,0.8923611044883728,1e-04,0.9998263895511628,0.891840273141861,0.0007567504020244432,0.001987062409905167,0.0030041325371712446,0.37402770221233367,0.0009865798055131174,0.002648196069128957
543,0.0031823657918721437,1.0,0.3687099814414978,0.8958333134651184,1e-04,0.9998263895511628,0.8920138835906982,0.0007567504020244432,0.0021683938109797254,0.002974494977388531,0.37379332035779955,0.0009717658314717683,0.002889993945399265
544,0.0019673146307468414,1.0,0.37210801243782043,0.8958333134651184,1e-04,0.9998263895511628,0.8921874940395356,0.0007567504020244432,0.002322749500536221,0.0028913276037201285,0.3736698001623154,0.0009831606515704157,0.002906544704517152
545,0.002288348972797394,1.0,0.37482333183288574,0.8923611044883728,1e-04,0.9998263895511628,0.8920138835906982,0.0007567504020244432,0.0021683938109797254,0.002859244297724217,0.37371512204408647,0.0009918063589481423,0.0029170922232643883
546,0.0036838878877460957,1.0,0.37768757343292236,0.8993055820465088,1e-04,0.9998263895511628,0.8923611074686051,0.0007567504020244432,0.002689569203244442,0.0028804587200284004,0.3739358052611351,0.0010045981497099176,0.0030397386425676754
547,0.001741958549246192,1.0,0.3799246549606323,0.8993055820465088,1e-04,0.9998263895511628,0.8928819417953491,0.0007567504020244432,0.0029615853301187454,0.0028412106446921827,0.37435310184955595,0.0010325873733381394,0.00325290621054291
548,0.004315930884331465,1.0,0.38396379351615906,0.8958333134651184,1e-04,0.9998263895511628,0.8932291626930237,0.0007567504020244432,0.002879016172453916,0.0029147631488740445,0.3749619498848915,0.0010814647606204137,0.0038078452910631257
549,0.003720780136063695,1.0,0.3878231346607208,0.8923611044883728,1e-04,0.9998263895511628,0.893402773141861,0.0007567504020244432,0.0027118948772663423,0.00289531642338261,0.375847989320755,0.0010631441898924271,0.004561177046255085
550,0.0021116200368851423,1.0,0.38898026943206787,0.8923611044883728,1e-04,0.9998263895511628,0.8935763835906982,0.0007567504020244432,0.002521850977663966,0.0028596531716175377,0.3766196757555008,0.0010767844136708427,0.005344795773522538
551,0.002055044285953045,1.0,0.38790860772132874,0.8888888955116272,1e-04,0.9998263895511628,0.893402773141861,0.0007567504020244432,0.0027118948772663423,0.002839241095352918,0.3773153468966484,0.0010879165590214738,0.00584041823481306
552,0.0032015435863286257,1.0,0.38356462121009827,0.8923611044883728,1e-04,0.9998263895511628,0.893402773141861,0.0007567504020244432,0.0027118948772663423,0.002828667580615729,0.37771154195070267,0.0010833065283870358,0.005980465480911416
553,0.0020483091939240694,1.0,0.38025209307670593,0.8958333134651184,1e-04,0.9998263895511628,0.8935763835906982,0.0007567504020244432,0.0027505192003263635,0.002797218773048371,0.3779074788093567,0.0010962965558979324,0.005996276034170518
554,0.0018218082841485739,1.0,0.3779178559780121,0.8923611044883728,1e-04,0.9998263895511628,0.8935763835906982,0.0007567504020244432,0.0027505192003263635,0.002759745519142598,0.37801420986652373,0.0011160110252033551,0.005976480529583089
555,0.0026564160361886024,1.0,0.3744887113571167,0.8923611044883728,1e-04,0.9998263895511628,0.8935763835906982,0.0007567504020244432,0.0027505192003263635,0.0028070041094906627,0.37794263660907745,0.0010903271689582138,0.006009609387518912
556,0.002349895192310214,1.0,0.37041282653808594,0.8854166865348816,1e-04,0.9998263895511628,0.8932291626930237,0.0007567504020244432,0.0032710825665045124,0.0027051654178649187,0.3777376890182495,0.001031563174084727,0.006190295957604053
557,0.0023818239569664,1.0,0.3709193766117096,0.8854166865348816,1e-04,0.9998263895511628,0.8930555522441864,0.0007567504020244432,0.0035748683604750857,0.0027300026966258885,0.3775236293673515,0.001017401611649929,0.006346381880461481
558,0.0038887832779437304,1.0,0.3725886046886444,0.8854166865348816,1e-04,0.9998263895511628,0.8927083313465118,0.0007567504020244432,0.003943681278311651,0.0028164251474663616,0.37732833474874494,0.001038532481360497,0.006434531121095277
559,0.003014133544638753,1.0,0.3748622238636017,0.8854166865348816,1e-04,0.9998263895511628,0.8921875,0.0007567504020244432,0.004177497489438462,0.0028243217850103973,0.3771984115242958,0.0010394049660118125,0.006456742210678774
560,0.002483419608324766,1.0,0.374813050031662,0.8854166865348816,1e-04,0.9998263895511628,0.8918402791023254,0.0007567504020244432,0.0044296288496368415,0.0028533179080113768,0.3769929140806198,0.001021242734292986,0.0064639831502422
561,0.0024722495581954718,1.0,0.37571513652801514,0.8819444179534912,1e-04,1.0,0.8913194447755813,0.0,0.004922721177289326,0.0026791164302267132,0.37724820971488954,0.0007337798100155313,0.0063057087648177
562,0.003543685656040907,1.0,0.37570270895957947,0.8819444179534912,1e-04,1.0,0.8907986104488372,0.0,0.005319982992576264,0.002746465953532606,0.3776583284139633,0.0007480871178902491,0.005912879266008952
563,0.0024148160591721535,1.0,0.3753853440284729,0.8819444179534912,1e-04,1.0,0.8901041656732559,0.0,0.005520180251503847,0.002708088466897607,0.37799209654331206,0.0007444196757482725,0.0055772230791032665
564,0.0018989236559718847,1.0,0.3739002048969269,0.8819444179534912,1e-04,1.0,0.8894097208976746,0.0,0.005628326028600418,0.002704668918158859,0.3780817061662674,0.0007479632685321743,0.005495766003371941
565,0.0037642084062099457,1.0,0.3765948712825775,0.8854166865348816,1e-04,1.0,0.8890625,0.0,0.005649705695749927,0.0027784618898294864,0.378170283138752,0.0007755441508367146,0.005456673145563156
566,0.0037753512151539326,1.0,0.3783084452152252,0.8888888955116272,1e-04,1.0,0.8885416656732559,0.0,0.005138421595005399,0.0027830350561998786,0.3782013267278671,0.0007811193381990466,0.005455604651919768
567,0.0017397594638168812,1.0,0.3770447373390198,0.8888888955116272,1e-04,1.0,0.8880208313465119,0.0,0.004510547830986451,0.002782925101928413,0.3780573308467865,0.000781266018610265,0.005446216966400427
568,0.001958355540409684,1.0,0.3732718229293823,0.8923611044883728,1e-04,1.0,0.8878472208976745,0.0,0.0042667383154221805,0.002665046334732324,0.37752273231744765,0.0007162203569604573,0.005364347387677176
569,0.004717199597507715,0.9965277910232544,0.36534515023231506,0.8958333134651184,1e-04,0.9998263895511628,0.8880208313465119,0.0007567504020244432,0.004510547830986451,0.002714867307804525,0.3763988330960274,0.0008156760558573538,0.0054426863115663365
570,0.003234786679968238,1.0,0.3640011250972748,0.8958333134651184,1e-04,0.9998263895511628,0.8881944417953491,0.0007567504020244432,0.0047354774250386285,0.0027710256399586797,0.3751498758792877,0.000810860107547932,0.005275743674979879
571,0.002662322949618101,1.0,0.36641013622283936,0.8993055820465088,1e-04,0.9998263895511628,0.8887152761220932,0.0007567504020244432,0.005319984645934603,0.0028013895731419324,0.3740749523043633,0.0007946895584783179,0.00472841423570641
572,0.0024526214692741632,1.0,0.3703187108039856,0.8993055820465088,1e-04,0.9998263895511628,0.8890625,0.0007567504020244432,0.00575541466502705,0.0027639434672892095,0.3734126567840576,0.0007925938943186703,0.004256999241443249
573,0.0026564605068415403,1.0,0.37172967195510864,0.8958333134651184,1e-04,0.9998263895511628,0.8890625,0.0007567504020244432,0.005755414665027051,0.002794351032935083,0.37298653572797774,0.0007760486260159955,0.003967769000821199
574,0.0018673627637326717,1.0,0.3709768056869507,0.8958333134651184,1e-04,0.9998263895511628,0.8892361104488373,0.0007567504020244432,0.00590278015420689,0.002796628756914288,0.37263948321342466,0.0007732526589452327,0.0038221460159824404
575,0.0021250557620078325,1.0,0.3730927109718323,0.8958333134651184,1e-04,0.9998263895511628,0.8894097208976746,0.0007567504020244432,0.006041568335746776,0.0027700607432052495,0.37256968319416045,0.0007866265627571604,0.003800423220968894
576,0.003466483671218157,1.0,0.37804922461509705,0.8958333134651184,1e-04,0.9998263895511628,0.8899305522441864,0.0007567504020244432,0.0061233319007295735,0.0028258901671506464,0.372951503098011,0.0007944102937917076,0.003945389384705706
577,0.0017651311354711652,1.0,0.37919628620147705,0.8923611044883728,1e-04,0.9998263895511628,0.890277773141861,0.0007567504020244432,0.0060540285135779305,0.0027950555260758845,0.37336534857749937,0.0008225191098115153,0.004139833114233697
578,0.0025514508597552776,1.0,0.3775874674320221,0.8923611044883728,1e-04,0.9998263895511628,0.8906249940395355,0.0007567504020244432,0.005963740790508329,0.002728188905166462,0.3736152917146683,0.0007843606842044333,0.004235197099254079
579,0.0023440690711140633,1.0,0.37975943088531494,0.8854166865348816,1e-04,0.9998263895511628,0.8906249940395355,0.0007567504020244432,0.005963740790508328,0.0026946856814902276,0.37386015206575396,0.0007857406712347416,0.004436971737143244
580,0.0026445069815963507,1.0,0.38169345259666443,0.8854166865348816,1e-04,0.9998263895511628,0.8906249940395355,0.0007567504020244432,0.005963740790508329,0.002702740050153807,0.37420417219400404,0.0007843581815666027,0.0047529987882675975
581,0.003616851754486561,1.0,0.389055460691452,0.8854166865348816,1e-04,0.9998263895511628,0.8907986074686051,0.0007567504020244432,0.0057554118781796264,0.002759970159968361,0.3748711884021759,0.0008068867259887405,0.005749780404510954
582,0.003353920765221119,1.0,0.3904436528682709,0.8854166865348816,1e-04,0.9998263895511628,0.8909722208976746,0.0007567504020244432,0.005533809204616908,0.002750481915427372,0.3756082355976105,0.0007986892567996348,0.006678865718617231
583,0.0015254986938089132,1.0,0.3924001455307007,0.8854166865348816,1e-04,0.9998263895511628,0.8911458343267441,0.0007567504020244432,0.005297267172156595,0.00270601604715921,0.37645897567272185,0.000839835062256793,0.007614421615552357
584,0.0034789005294442177,1.0,0.3945256471633911,0.8819444179534912,1e-04,0.9998263895511628,0.8911458343267441,0.0007567504020244432,0.005297267172156595,0.0027850148908328265,0.37749024778604506,0.0008344936963490659,0.008538662653548726
585,0.0019199552480131388,1.0,0.39232969284057617,0.8819444179534912,1e-04,0.9998263895511628,0.8909722208976746,0.0007567504020244432,0.005533809204616907,0.0026928022329229862,0.378276988863945,0.0008230139532361928,0.009124701086042596
586,0.0026562099810689688,1.0,0.3891301155090332,0.8854166865348816,1e-04,0.9998263895511628,0.8907986104488372,0.0007567504020244432,0.005649698186165217,0.002636845171218738,0.3788180723786354,0.000784660505674408,0.009426392043797647
587,0.001759832724928856,1.0,0.3878885507583618,0.8854166865348816,1e-04,0.9998263895511628,0.890625,0.0007567504020244432,0.00575802515629476,0.0026378488342743366,0.3793602630496025,0.0007835244125436183,0.009618697379760193
588,0.004030088894069195,1.0,0.3848792314529419,0.8819444179534912,1e-04,0.9998263895511628,0.8901041656732559,0.0007567504020244432,0.0060415649957762975,0.002741435501957312,0.3799406334757805,0.0008228070063597458,0.009583945164116977
589,0.002627431647852063,1.0,0.3834683299064636,0.8819444179534912,1e-04,1.0,0.8894097208976746,0.0,0.00614053511294556,0.0026369471044745295,0.38084679245948794,0.0006867031384669828,0.00900009479699443
590,0.0015727075515314937,1.0,0.3801896870136261,0.8819444179534912,1e-04,1.0,0.8887152761220932,0.0,0.006160140278904428,0.0025538431480526926,0.38165622055530546,0.0007095171711865303,0.00813506585388341
591,0.002354429103434086,1.0,0.3735712766647339,0.8854166865348816,1e-04,1.0,0.8880208313465119,0.0,0.005692221042269523,0.0025384484557434916,0.3820142775774002,0.0007103362051517684,0.007595870794583038
592,0.003147784387692809,1.0,0.37279245257377625,0.8923611044883728,1e-04,1.0,0.887673607468605,0.0,0.00518222294019769,0.0025732066016644238,0.38213796466588973,0.0007221949847232819,0.007422583333613961
593,0.00415915809571743,1.0,0.37206071615219116,0.8923611044883728,1e-04,1.0,0.8874999970197678,0.0,0.004959323071953015,0.0026483414811082186,0.38215451687574387,0.0008008344974390863,0.007399688398268522
594,0.0012827074388042092,1.0,0.3719750940799713,0.8888888955116272,1e-04,1.0,0.8871527761220932,0.0,0.004593317622627512,0.0026191087148617954,0.3822044312953949,0.0008385897487397504,0.007327132317211949
595,0.0020979372784495354,1.0,0.37217509746551514,0.8888888955116272,1e-04,1.0,0.8868055552244186,0.0,0.004166668156826454,0.0026177527906838804,0.38215855062007903,0.0008394090155915865,0.007386674992740754
596,0.0022464850917458534,1.0,0.3717835247516632,0.8888888955116272,1e-04,1.0,0.886458334326744,0.0,0.003658217540321902,0.0025567528617102655,0.38184526562690735,0.0008196104464663458,0.007681311739487525
597,0.0033106813207268715,1.0,0.3689042925834656,0.8819444179534912,1e-04,1.0,0.8859375,0.0,0.003519648341608741,0.0026340303709730508,0.3813306659460068,0.0008141723581109665,0.008170698977036333
598,0.0028731226921081543,1.0,0.3625210225582123,0.8854166865348816,1e-04,1.0,0.8855902791023255,0.0,0.0031965277566333604,0.0026501139625906946,0.3805773437023163,0.000815558235143444,0.009120437754491222
599,0.005679120775312185,1.0,0.3651726543903351,0.8888888955116272,1e-04,1.0,0.8857638895511627,0.0,0.0032756962470281295,0.0028168665478006004,0.3798480048775673,0.0010446960084310724,0.00972019666896639
600,0.002487234305590391,1.0,0.36920616030693054,0.8888888955116272,1e-04,1.0,0.8859375,0.0,0.0033439947563909072,0.0028090029140003026,0.3792236402630806,0.0010465540564382667,0.009979205932369853
601,0.0024151441175490618,1.0,0.37128016352653503,0.8888888955116272,1e-04,1.0,0.8861111104488373,0.0,0.0034020780095192745,0.0027489175321534277,0.37833487540483474,0.0010328554545816454,0.009854763038947606
602,0.0018121424363926053,1.0,0.37169283628463745,0.8888888955116272,1e-04,1.0,0.8862847208976745,0.0,0.0034504619196635703,0.002671828615712002,0.37739733457565305,0.0010423164694188184,0.009545264865271462
603,0.0027632727287709713,1.0,0.372596800327301,0.8888888955116272,1e-04,1.0,0.8864583313465119,0.0,0.0034895499651604396,0.0027337173174601047,0.37640716731548307,0.001008616824079286,0.008945931464688767
604,0.0019171842141076922,1.0,0.37541648745536804,0.8888888955116272,1e-04,1.0,0.8868055552244186,0.0,0.003366453020616089,0.0026556315016932784,0.37545170933008193,0.001008356047070767,0.007921609466412185
605,0.002651817863807082,1.0,0.3805329203605652,0.8854166865348816,1e-04,1.0,0.8869791686534881,0.0,0.0031965261379755267,0.0026922246324829757,0.3748618707060814,0.000994174335880506,0.00703218357580188
606,0.0020230389200150967,1.0,0.38260969519615173,0.8854166865348816,1e-04,1.0,0.8869791686534881,0.0,0.0031965261379755267,0.0026605660794302823,0.3745358496904373,0.0010048412657105538,0.006493659589918057
607,0.001770815928466618,1.0,0.3830225169658661,0.8854166865348816,1e-04,1.0,0.8869791686534881,0.0,0.0031965261379755267,0.0026611152396071704,0.3742925480008125,0.0010043517339355331,0.006065877013201352
608,0.0022232006303966045,1.0,0.38534414768218994,0.8888888955116272,1e-04,1.0,0.887326392531395,0.0,0.0030020213244497432,0.0025707708264235407,0.3743157938122749,0.0009573109784094529,0.0061071534303327926
609,0.0023660685401409864,1.0,0.387774795293808,0.8888888955116272,1e-04,1.0,0.8876736164093018,0.0,0.0027505192003263635,0.0025577026710379867,0.37453111708164216,0.0009582317890595683,0.006489972966624645
610,0.0033845894504338503,1.0,0.38879334926605225,0.8819444179534912,1e-04,1.0,0.8876736164093018,0.0,0.0027505192003263635,0.0026482967659831047,0.37496130019426344,0.0009464022345439481,0.007106636634687161
611,0.0035319679882377386,1.0,0.3895353078842163,0.8819444179534912,1e-04,1.0,0.8875000029802322,0.0,0.002986923730698741,0.0027071737102232875,0.3757595017552376,0.0009627754287912449,0.0077711411814638965
612,0.0019004730274900794,1.0,0.3915919065475464,0.8819444179534912,1e-04,1.0,0.8869791686534881,0.0,0.003002025288524642,0.0026448081422131508,0.3766994744539261,0.0009725628377292863,0.008461688343414684
613,0.0013179425150156021,1.0,0.39292001724243164,0.8819444179534912,1e-04,1.0,0.886458334326744,0.0,0.0029257582779583344,0.0025027473631780593,0.3777424395084381,0.0009481893476199686,0.009088002531070177
614,0.0016410043463110924,1.0,0.3932608962059021,0.8819444179534912,1e-04,1.0,0.8861111104488373,0.0,0.003027026221758919,0.0025206622085534036,0.37880672961473466,0.0009281418414002252,0.009583166899484097
615,0.0029085848946124315,1.0,0.3936023712158203,0.8819444179534912,1e-04,1.0,0.8857638865709305,0.0,0.0030861926625881868,0.0025611945893615484,0.3798780933022499,0.0009264954322905326,0.009971754657215653
616,0.0028210142627358437,1.0,0.39259374141693115,0.8888888955116272,1e-04,1.0,0.8857638865709305,0.0,0.0030861926625881868,0.0025899210479110478,0.3809186041355133,0.0009251982416615181,0.010156845548563592
617,0.0053521147929131985,0.9965277910232544,0.4056825041770935,0.8784722089767456,1e-04,0.9998263895511628,0.8855902761220932,0.0007567504020244432,0.0033798602994154054,0.002691992721520364,0.3827575147151947,0.0010959398275102203,0.011100687930812996
618,0.003789441427215934,1.0,0.4152402877807617,0.8715277910232544,1e-04,0.9998263895511628,0.8848958313465118,0.0007567504020244432,0.004563701325431574,0.0027378086582757533,0.3853934779763222,0.0011214117376020928,0.012188425525216918
619,0.0023283776827156544,1.0,0.4071963131427765,0.875,1e-04,0.9998263895511628,0.8842013865709305,0.0007567504020244432,0.004944113881375262,0.002570271503645927,0.38749466091394424,0.0008973914556905611,0.012143592663886723
620,0.00229515228420496,1.0,0.4055342674255371,0.8784722089767456,1e-04,0.9998263895511628,0.8836805522441864,0.0007567504020244432,0.0049714716601749346,0.002560667402576655,0.38931106626987455,0.0008992546671668266,0.011988136710989293
621,0.002386297332122922,1.0,0.40452590584754944,0.8784722089767456,1e-04,0.9998263895511628,0.8831597179174423,0.0007567504020244432,0.004944113881375263,0.002559225063305348,0.3909733533859253,0.0008995100170804035,0.01167352208319801
622,0.002052593044936657,1.0,0.3993937075138092,0.8784722089767456,1e-04,0.9998263895511628,0.8826388835906982,0.0007567504020244432,0.004861116835076348,0.0025712475937325506,0.3923583969473839,0.0008910111711534199,0.010922956255385703
623,0.002157677197828889,1.0,0.39669933915138245,0.8784722089767456,1e-04,0.9998263895511628,0.8821180492639542,0.0007567504020244432,0.004719546048582203,0.002540967817185447,0.39356352388858795,0.0008942552114729417,0.009963673836734774
624,0.0029584714211523533,1.0,0.3965134024620056,0.875,1e-04,0.9998263895511628,0.8814236044883728,0.0007567504020244432,0.00469392955625435,0.0025930321775376798,0.39461836963891983,0.0008867027965561309,0.009062639757946064
625,0.0014425020199269056,1.0,0.39432063698768616,0.8819444179534912,1e-04,0.9998263895511628,0.8812499910593032,0.0007567504020244432,0.004606425965766711,0.002532566385343671,0.39530775547027586,0.0009211942964043468,0.008469983750029022
626,0.002687308005988598,1.0,0.39107197523117065,0.8854166865348816,1e-04,0.9998263895511628,0.8812499910593032,0.0007567504020244432,0.004606425965766711,0.002565779839642346,0.39573086947202685,0.000914172923873395,0.008024752596978504
627,0.0019379055593162775,1.0,0.390185683965683,0.8854166865348816,1e-04,0.9998263895511628,0.8812499910593032,0.0007567504020244432,0.004606425965766711,0.002574134321184829,0.39608902782201766,0.000907609641846398,0.0075980734257436126
628,0.0015767221339046955,1.0,0.3904784023761749,0.8854166865348816,1e-04,0.9998263895511628,0.881076380610466,0.0007567504020244432,0.004374865036531736,0.0025418103963602335,0.3963457405567169,0.0009307492984991798,0.007312055236973268
629,0.00219598226249218,1.0,0.3933713734149933,0.8888888955116272,1e-04,0.9998263895511628,0.881076380610466,0.0007567504020244432,0.004374865036531736,0.002533306082477793,0.39662556946277616,0.0009330903108539215,0.007082170248700681
630,0.0026321900077164173,1.0,0.39528554677963257,0.8888888955116272,1e-04,0.9998263895511628,0.8814236044883728,0.0007567504020244432,0.00469392955625435,0.0024956861103419214,0.3969501793384552,0.000912960568048568,0.006861075953468317
631,0.001703703310340643,1.0,0.39579200744628906,0.8888888955116272,1e-04,0.9998263895511628,0.8817708283662796,0.0007567504020244432,0.004968438026936759,0.0024042728764470667,0.39726301431655886,0.0008959957872292578,0.006655415065056567
632,0.001181663479655981,1.0,0.39387667179107666,0.8888888955116272,1e-04,0.9998263895511628,0.8821180522441864,0.0007567504020244432,0.005205444201330663,0.0023683323990553616,0.39737725257873535,0.0009292818223139162,0.0065762293091287186
633,0.002261580666527152,1.0,0.39322805404663086,0.8854166865348816,1e-04,0.9998263895511628,0.8822916656732559,0.0007567504020244432,0.00525443143225373,0.002415514306630939,0.39739265441894533,0.0008981884123477871,0.006566125173216158
634,0.0023996310774236917,1.0,0.390074223279953,0.8854166865348816,1e-04,0.9998263895511628,0.8824652791023254,0.0007567504020244432,0.0052972791859442715,0.0024534456431865694,0.39723332077264784,0.0008805242573034044,0.006701717167991841
635,0.0021933368407189846,1.0,0.388647198677063,0.8888888955116272,1e-04,0.9998263895511628,0.8828125029802323,0.0007567504020244432,0.005476329055519223,0.0024176832404918967,0.39698556214571,0.0008758249030484616,0.00691943014708131
636,0.002246410585939884,1.0,0.38708731532096863,0.8888888955116272,1e-04,0.9998263895511628,0.8828125029802323,0.0007567504020244432,0.005476329055519223,0.002388953056652099,0.3967102408409119,0.0008715370088361285,0.007192848655710092
637,0.002757088281214237,1.0,0.38928329944610596,0.8958333134651184,1e-04,1.0,0.8836805582046509,0.0,0.00606397788040281,0.002259201731067151,0.3958902806043625,0.0005572263047416648,0.007056743898557817
638,0.0022097567562013865,1.0,0.39091286063194275,0.8958333134651184,1e-04,1.0,0.8848958343267441,0.0,0.005940952549369868,0.0021802174975164234,0.39467390924692153,0.0004327854080718905,0.005552987643006898
639,0.0025718468241393566,1.0,0.3921094536781311,0.8993055820465088,1e-04,1.0,0.8861111134290696,0.0,0.006269264591127122,0.0021923909545876084,0.3939195662736893,0.0004401432957941446,0.00477021279334489
640,0.0017733501736074686,1.0,0.3928298354148865,0.8958333134651184,1e-04,1.0,0.8869791686534881,0.0,0.00635283985760546,0.002166300849057734,0.39328434467315676,0.0004486615556173248,0.0039579963538263555
641,0.00431941170245409,1.0,0.3953033983707428,0.8854166865348816,1e-04,1.0,0.887326392531395,0.0,0.006061489850396023,0.0022629565675742922,0.3928232192993164,0.0006490988047205236,0.003055861995625697
642,0.001792744267731905,1.0,0.3995712995529175,0.8854166865348816,1e-04,1.0,0.8876736164093018,0.0,0.005734423712436165,0.0022499641287140547,0.3928320989012718,0.000655745983278131,0.003075138578274348
643,0.003457070793956518,1.0,0.4029484689235687,0.8715277910232544,1e-04,1.0,0.8873263955116272,0.0,0.0064470258177558,0.0023149338085204363,0.39314455538988113,0.0007058407869160637,0.003705147498024162
644,0.0019030922558158636,1.0,0.40920379757881165,0.8680555820465088,1e-04,1.0,0.8869791746139526,0.0,0.0072398059924243955,0.002262164850253612,0.3937790751457214,0.0006951260992085022,0.005064879970535458
645,0.003470364026725292,1.0,0.40742507576942444,0.8715277910232544,1e-04,1.0,0.8864583432674408,0.0,0.007925487336957695,0.002363557950593531,0.39443429708480837,0.0007157615788338115,0.005875346416692549
646,0.0014821565710008144,1.0,0.4052942097187042,0.8819444179534912,1e-04,1.0,0.8862847298383713,0.0,0.007984217654541673,0.002303300378844142,0.39514540880918503,0.0007364009624250363,0.006272610329042932
647,0.0021683219820261,1.0,0.40386879444122314,0.8819444179534912,1e-04,1.0,0.8861111164093017,0.0,0.008038770449291768,0.002314821199979633,0.395829564332962,0.0007323857848254375,0.0064383616609663494
648,0.0022433949634432793,1.0,0.40057358145713806,0.8819444179534912,1e-04,1.0,0.8859375029802322,0.0,0.008089230239782499,0.0023481548414565623,0.3963343232870102,0.0007129469685443036,0.006394627235816413
649,0.001667020726017654,1.0,0.3989490866661072,0.8819444179534912,1e-04,1.0,0.8855902791023255,0.0,0.008104121294665046,0.002321706764632836,0.39661320894956587,0.0007277590526129798,0.006380938493003598
650,0.0019871448166668415,1.0,0.39576438069343567,0.8854166865348816,1e-04,1.0,0.8854166686534881,0.0,0.008068711457158808,0.002289454505080357,0.39663715064525606,0.0007275779154519857,0.006376809074705715
651,0.0029207889456301928,1.0,0.39623939990997314,0.8854166865348816,1e-04,1.0,0.8852430582046509,0.0,0.008029392631029898,0.0023503087868448347,0.39665952026844026,0.0007269390037194694,0.006374589438249389
652,0.002168994629755616,1.0,0.3959008753299713,0.8819444179534912,1e-04,1.0,0.8848958343267441,0.0,0.00801436376100624,0.0023996753443498164,0.39676073044538496,0.0006777613197919192,0.006345605710336757
653,0.0019480182090774179,1.0,0.3951887786388397,0.8854166865348816,1e-04,1.0,0.8848958343267441,0.0,0.00801436376100624,0.0023839972214773296,0.3968587666749954,0.0006843689096234981,0.006305288433206807
654,0.005090069957077503,0.9965277910232544,0.4049330949783325,0.8854166865348816,1e-04,0.9998263895511628,0.8848958343267441,0.0007567504020244432,0.00801436376100624,0.00251851916546002,0.3976017102599144,0.0009035451912835995,0.00633742333122083
655,0.0015600878978148103,1.0,0.41404473781585693,0.8888888955116272,1e-04,0.9998263895511628,0.8848958343267441,0.0007567504020244432,0.00801436376100624,0.0024868567183148117,0.3988715872168541,0.0009252209193788769,0.00693252052786279
656,0.002232195110991597,1.0,0.41524916887283325,0.8888888955116272,1e-04,0.9998263895511628,0.8848958343267441,0.0007567504020244432,0.00801436376100624,0.0024861459445673973,0.40027967989444735,0.000925410802854869,0.007248787603430849
657,0.0020334734581410885,1.0,0.4134136438369751,0.8888888955116272,1e-04,0.9998263895511628,0.8845486134290695,0.0007567504020244432,0.0076762796020038585,0.00244996520341374,0.4014861971139908,0.0009282517112933602,0.0073258630353389515
658,0.002309107221662998,1.0,0.41310063004493713,0.8854166865348816,1e-04,0.9998263895511628,0.8840277820825577,0.0007567504020244432,0.007233564683978626,0.0024549327266868205,0.4025955855846405,0.0009272182088791824,0.007320690324756079
659,0.001802743528969586,1.0,0.41348615288734436,0.8854166865348816,1e-04,0.9998263895511628,0.8833333373069763,0.0007567504020244432,0.00634571498595151,0.0024164775619283318,0.40366442054510115,0.0009374640789663955,0.007272026770369779
660,0.0016648346791043878,1.0,0.4131433665752411,0.8888888955116272,1e-04,0.9998263895511628,0.8829861164093018,0.0007567504020244432,0.00582050491638868,0.0024110517872031776,0.4046800971031189,0.0009414760589656636,0.007104497422294541
661,0.001663321745581925,1.0,0.411258339881897,0.8888888955116272,1e-04,0.9998263895511628,0.883159726858139,0.0007567504020244432,0.005940950546295917,0.0022782472893595695,0.4054778441786766,0.0008453421008138346,0.006899639350992849
662,0.0022683688439428806,1.0,0.4085122346878052,0.8888888955116272,1e-04,0.9998263895511628,0.8833333373069763,0.0007567504020244432,0.006054025778725405,0.002302028518170118,0.405924890935421,0.0008380077210553139,0.0067912579974805575
663,0.002045960398390889,1.0,0.4048362076282501,0.8854166865348816,1e-04,0.9998263895511628,0.8840277820825577,0.0007567504020244432,0.005423785175553614,0.002231472998391837,0.40601927787065506,0.000796147769156461,0.0067622912878945425
664,0.001814077259041369,1.0,0.40183237195014954,0.8854166865348816,1e-04,0.9998263895511628,0.8848958373069763,0.0007567504020244432,0.00400060243428673,0.002227022248553112,0.405650706589222,0.000798217217125352,0.006779541978896032
665,0.0018180864863097668,1.0,0.4025596082210541,0.8854166865348816,1e-04,0.9998263895511628,0.8855902820825576,0.0007567504020244432,0.0025692211688783354,0.0021444083715323357,0.40540743321180345,0.0007492610740280031,0.0067987743501424424
666,0.0014326320961117744,1.0,0.4028484523296356,0.8854166865348816,1e-04,0.9998263895511628,0.8857638955116272,0.0007567504020244432,0.0024305650166550267,0.002141932147787884,0.40528514534235,0.0007515240690202679,0.006821668162622312
667,0.0024745676200836897,1.0,0.40127840638160706,0.8854166865348816,1e-04,0.9998263895511628,0.8859375089406967,0.0007567504020244432,0.002270266931498451,0.0021572444296907634,0.4051556259393692,0.000755017521017641,0.006871737524557163
668,0.0014082365669310093,1.0,0.3996542990207672,0.8854166865348816,1e-04,0.9998263895511628,0.8861111223697662,0.0007567504020244432,0.002083337307018951,0.00211548650986515,0.40510966181755065,0.0007720021220022429,0.006905225356012789
669,0.0011842373060062528,1.0,0.39969128370285034,0.8888888955116272,1e-04,0.9998263895511628,0.8864583462476731,0.0007567504020244432,0.0019332510985850377,0.00209134733886458,0.40514677166938784,0.0007929121974214202,0.0068739411429021265
670,0.0016538260970264673,1.0,0.4025459885597229,0.8888888955116272,1e-04,0.9998263895511628,0.8866319566965103,0.0007567504020244432,0.0019870694403058844,0.002074681402882561,0.40548585206270216,0.0007984111302886929,0.006562989558185118
671,0.003434636164456606,1.0,0.4089306592941284,0.8888888955116272,1e-04,0.9998263895511628,0.8868055671453476,0.0007567504020244432,0.0020246355067329684,0.0021003737638238817,0.40612041503190993,0.000832753975997595,0.006244089425321042
672,0.0012261017691344023,1.0,0.4157579243183136,0.8888888955116272,1e-04,0.9998263895511628,0.8871527910232544,0.0007567504020244432,0.0017361044883728027,0.0020532291207928212,0.40711326748132703,0.0008539547423875179,0.0061175997287656325
673,0.0009888176573440433,1.0,0.4182548224925995,0.8854166865348816,1e-04,0.9998263895511628,0.8871527910232544,0.0007567504020244432,0.0017361044883728027,0.0020052690932061525,0.40826656967401503,0.0008848918912380638,0.005932281280373063
674,0.002657412551343441,1.0,0.4172041416168213,0.8819444179534912,1e-04,1.0,0.8869791775941849,0.0,0.0020468443354977493,0.0018836362229194491,0.4088801220059395,0.0005600927066630904,0.006184975477700686
675,0.0021483758464455605,1.0,0.4158802032470703,0.8854166865348816,1e-04,1.0,0.8868055671453476,0.0,0.0020246355067329684,0.0019130506203509866,0.40897189527750016,0.0005577712889350461,0.006273905750989969
676,0.0024645845405757427,1.0,0.40796732902526855,0.8888888955116272,1e-04,1.0,0.8868055671453476,0.0,0.0020246355067329684,0.001924670091830194,0.4086078032851219,0.0005666485874026496,0.006108156830960864
677,0.00316944089718163,1.0,0.3924027681350708,0.8958333134651184,1e-04,1.0,0.8871527880430221,0.0,0.0027993899174572744,0.001981468463782221,0.4075572595000267,0.0006282876537190203,0.006941274426748988
678,0.001689412398263812,1.0,0.38705822825431824,0.8958333134651184,1e-04,1.0,0.887673619389534,0.0,0.003343978510144268,0.0019504837226122617,0.40625513941049574,0.0006266440784986353,0.00812156636312214
679,0.0021105417981743813,1.0,0.38609302043914795,0.8993055820465088,1e-04,1.0,0.8883680641651154,0.0,0.004148539405274676,0.0019658736360725015,0.40488548278808595,0.0006266063539558499,0.009044061875225464
680,0.002688053296878934,1.0,0.3851512670516968,0.8958333134651184,1e-04,1.0,0.88871528506279,0.0,0.004456764626533375,0.002017034566961229,0.4034858778119087,0.0006415325653557619,0.009792777563999716
681,0.0040470692329108715,1.0,0.38747745752334595,0.8958333134651184,1e-04,1.0,0.8890625059604644,0.0,0.004719533660432747,0.002136221941327676,0.40229683369398117,0.0007727579190477673,0.010211639642040412
682,0.0020226044580340385,1.0,0.3974229097366333,0.8958333134651184,1e-04,1.0,0.889409726858139,0.0,0.004944099544308592,0.002123933722032234,0.40174236744642255,0.0007725128526759552,0.010160036792286165
683,0.0023829801939427853,1.0,0.3992457389831543,0.8923611044883728,1e-04,1.0,0.8897569477558136,0.0,0.0048950864034156445,0.0021407847118098287,0.40146284401416776,0.000774301887808327,0.010147969235372888
684,0.001697147381491959,1.0,0.39883244037628174,0.8888888955116272,1e-04,1.0,0.8899305582046508,0.0,0.004798699060224007,0.002134938217932358,0.4013128474354744,0.0007771827635960123,0.010163557657070261
685,0.0014585693133994937,1.0,0.3982061445713043,0.8923611044883728,1e-04,1.0,0.8902777791023254,0.0,0.004709944395438366,0.0021169623592868446,0.4010951742529869,0.0007883805618456287,0.01018112872650702
686,0.0033450366463512182,1.0,0.39748892188072205,0.8888888955116272,1e-04,1.0,0.8904513895511628,0.0,0.004590029896867606,0.002212582586798817,0.4008271977305412,0.0008151034349450127,0.010201966689665519
687,0.0016270800260826945,1.0,0.4060385525226593,0.8888888955116272,1e-04,1.0,0.890625,0.0,0.004460144787365614,0.0021702082070987672,0.40106520503759385,0.0008223787911608539,0.010265047897353484
688,0.0035006138496100903,1.0,0.403720498085022,0.8923611044883728,1e-04,1.0,0.8909722208976746,0.0,0.0043089100309316565,0.002274827071232721,0.40126851499080657,0.0008513698896947259,0.010275352532485488
689,0.003178483108058572,1.0,0.3992866277694702,0.8958333134651184,1e-04,1.0,0.8913194417953492,0.0,0.004405751027593018,0.0023745393613353372,0.40124828219413755,0.0008344150994109919,0.010278836083035581
690,0.001943855662830174,1.0,0.3954474627971649,0.8923611044883728,1e-04,1.0,0.8914930522441864,0.0,0.004374857349174669,0.0023890408396255226,0.40089335590600966,0.0008242216371782664,0.01035020636244325
691,0.0025299605913460255,1.0,0.39376986026763916,0.8958333134651184,1e-04,1.0,0.891840273141861,0.0,0.00442963048489999,0.0023438070609699936,0.4001353159546852,0.000789699089601338,0.010288801893088314
692,0.001124517759308219,1.0,0.39394229650497437,0.8958333134651184,1e-04,1.0,0.8921874940395356,0.0,0.004456764626533375,0.0023387278604786845,0.3990445345640182,0.0007971630435030401,0.009715143861212326
693,0.0012002363801002502,1.0,0.3949679136276245,0.8958333134651184,1e-04,1.0,0.8927083253860474,0.0,0.004238383405940738,0.0023492987966164947,0.3978801891207695,0.0007804181173925702,0.008683749405115277
694,0.0019173932960256934,1.0,0.39578351378440857,0.8958333134651184,1e-04,1.0,0.8934027701616287,0.0,0.0034895318759550677,0.002312297833850607,0.3968091577291489,0.0007824728624613084,0.007470571655424034
695,0.0016040676273405552,1.0,0.3977823853492737,0.8958333134651184,1e-04,1.0,0.8939236015081405,0.0,0.0030020106386610544,0.002285082422895357,0.39590426683425906,0.0007970314186202781,0.006070645193870877
696,0.0014284623321145773,1.0,0.39630112051963806,0.8958333134651184,1e-04,1.0,0.8942708224058151,0.0,0.0027940011251280936,0.0022332763124722987,0.3953209564089775,0.0008171010082447355,0.005407816859768575
697,0.0013093494344502687,1.0,0.39375007152557373,0.8958333134651184,1e-04,1.0,0.8942708224058151,0.0,0.0027940011251280936,0.0021402717393357307,0.3953883215785027,0.0008110894182293497,0.005379362225067121
698,0.0015968738589435816,1.0,0.39273661375045776,0.8923611044883728,1e-04,1.0,0.8940972119569779,0.0,0.0027993899174572753,0.002135644812369719,0.39567224085330965,0.0008139072376257751,0.005073360106936704
699,0.0028328108601272106,1.0,0.39439040422439575,0.8958333134651184,1e-04,1.0,0.8939235985279084,0.0,0.002569200023365354,0.0021717582654673605,0.396087110042572,0.0008278957221813566,0.004589220892533311
700,0.0011318394681438804,1.0,0.3937804400920868,0.8923611044883728,1e-04,1.0,0.893749988079071,0.0,0.0025515420820014104,0.002093947574030608,0.3965185686945915,0.0008485872673936643,0.0038937379276257887
701,0.0026103060226887465,1.0,0.3937690258026123,0.8923611044883728,1e-04,1.0,0.8935763776302338,0.0,0.0025218374365721286,0.002022109413519502,0.39683314710855483,0.0007331689578348903,0.0033694436062502208
702,0.002377675613388419,1.0,0.3949718475341797,0.8888888955116272,1e-04,1.0,0.8932291567325592,0.0,0.002661397784471207,0.0020398629712872207,0.39671059399843217,0.0007372536102253384,0.003390274584499655
703,0.0010888674296438694,1.0,0.3978862762451172,0.8888888955116272,1e-04,1.0,0.893055546283722,0.0,0.002820835907600303,0.001975157333072275,0.3966426208615303,0.000760716255091624,0.003352179118654678
704,0.004268083721399307,1.0,0.39365190267562866,0.8888888955116272,1e-04,1.0,0.893055546283722,0.0,0.002820835907600303,0.0021037041500676424,0.39638359397649764,0.0009061876356784075,0.0033730496889891153
705,0.001230043824762106,1.0,0.38912636041641235,0.8923611044883728,1e-04,1.0,0.893055546283722,0.0,0.002820835907600303,0.002092277875635773,0.39592960476875305,0.0009156416556904435,0.0036930536710682808
706,0.0015714516630396247,1.0,0.3877641558647156,0.8923611044883728,1e-04,1.0,0.8932291567325592,0.0,0.002661397784471207,0.002003598626470193,0.39544336646795275,0.0008750019444030421,0.00407607311387616
707,0.0016926127718761563,1.0,0.3879115879535675,0.8923611044883728,1e-04,1.0,0.8934027671813964,0.0,0.0024796531896372747,0.0020068752637598664,0.39453701823949816,0.0008737075961803051,0.0036078235712457764
708,0.0016560987569391727,1.0,0.3875926733016968,0.8923611044883728,1e-04,1.0,0.8934027671813964,0.0,0.0024796531896372747,0.0019146495091263206,0.3937306270003319,0.0008058838834158526,0.003249693111315864
709,0.0009938797447830439,1.0,0.3876075744628906,0.8923611044883728,1e-04,1.0,0.8932291567325592,0.0,0.002424337981670248,0.0018054193409625442,0.3931466743350029,0.0007746255118244331,0.0032481742554655163
710,0.0023079682141542435,1.0,0.3908957839012146,0.8888888955116272,1e-04,1.0,0.893055546283722,0.0,0.002598363273252597,0.0018236249685287475,0.3929190903902054,0.000781909698386512,0.0032384387522083
711,0.0028731089551001787,1.0,0.38969886302948,0.8923611044883728,1e-04,1.0,0.8928819358348846,0.0,0.002521837436572128,0.0018407823867164553,0.39271554052829744,0.0008007582223945489,0.003305806368957882
712,0.002669606124982238,1.0,0.39170023798942566,0.8923611044883728,1e-04,1.0,0.8927083253860474,0.0,0.0024305462837219236,0.001918036805000156,0.39260343760252,0.0008024594533183313,0.0033003157627764916
713,0.001504605170339346,1.0,0.39346635341644287,0.8923611044883728,1e-04,1.0,0.89253471493721,0.0,0.002322749500536221,0.001933255244512111,0.3925283595919609,0.0007915137311799255,0.0032625360178536993
714,0.001884360914118588,1.0,0.3950718343257904,0.8888888955116272,1e-04,1.0,0.8921874940395356,0.0,0.002322749500536221,0.0019316036254167558,0.39249277561903,0.0007915795673888213,0.003230562922141294
715,0.0010120827937498689,1.0,0.3954077959060669,0.8888888955116272,1e-04,1.0,0.891840273141861,0.0,0.002270251206073329,0.0019020043837372214,0.39237404614686966,0.0008140233613915201,0.003073810129974203
716,0.001835718285292387,1.0,0.3955979347229004,0.8888888955116272,1e-04,1.0,0.8914930522441864,0.0,0.002161432657185899,0.0019223671813961118,0.3923388868570328,0.0008069863555056277,0.0030324329770896087
717,0.0008142271544784307,1.0,0.394302099943161,0.8888888955116272,1e-04,1.0,0.8911458313465118,0.0,0.001987062409905167,0.0018976110673975199,0.39236648827791215,0.0008326003187912386,0.003047626304970311
718,0.001294463756494224,1.0,0.3963981866836548,0.8923611044883728,1e-04,1.0,0.8911458313465118,0.0,0.001987062409905167,0.0018824905622750522,0.392549566924572,0.0008406318169574443,0.003171811511164594
719,0.00330779398791492,1.0,0.3930182456970215,0.8923611044883728,1e-04,1.0,0.8909722208976746,0.0,0.0017010280546676069,0.0019062397186644375,0.3924809589982033,0.0008732221301498909,0.0031459863486928428
720,0.0013265730813145638,1.0,0.3902091681957245,0.8923611044883728,1e-04,1.0,0.8909722208976746,0.0,0.0017010280546676069,0.0019159763993229716,0.3923023954033852,0.0008655853330294923,0.003168432461898262
721,0.002741646021604538,1.0,0.3958682417869568,0.8923611044883728,1e-04,1.0,0.8909722208976746,0.0,0.0017010280546676069,0.0019225433992687614,0.39240735620260236,0.0008713074533316327,0.0032490245122810397
722,0.0019079858902841806,1.0,0.39667943120002747,0.8958333134651184,1e-04,1.0,0.8913194417953492,0.0,0.0019332441401022679,0.0018990589131135493,0.3924927353858948,0.0008650309165447207,0.003336550782793189
723,0.0020497990772128105,1.0,0.3970547318458557,0.8923611044883728,1e-04,1.0,0.8914930522441864,0.0,0.0018617646504675127,0.0019471054954919964,0.3924511581659317,0.0008451542050769459,0.003273670553975722
724,0.0017573439981788397,1.0,0.3982376456260681,0.8923611044883728,1e-04,1.0,0.8916666626930236,0.0,0.001770486132769788,0.001821568509330973,0.3926804453134537,0.0006564903430372646,0.0035023461832586413
725,0.0019624067936092615,1.0,0.3969350755214691,0.8923611044883728,1e-04,1.0,0.8916666626930236,0.0,0.001770486132769788,0.0018581866577733308,0.3930708810687065,0.0006427560814173963,0.0035195889882180184
726,0.0009009115747176111,1.0,0.39841189980506897,0.8888888955116272,1e-04,1.0,0.8914930522441864,0.0,0.0018617646504675127,0.00182465965335723,0.39360326826572417,0.0006735868552352022,0.0034817133649989503
727,0.0028014041017740965,1.0,0.3953355550765991,0.8888888955116272,1e-04,1.0,0.8913194417953492,0.0,0.001933244140102268,0.001880099219852127,0.39397446662187574,0.0007053193411092041,0.0032426562225079682
728,0.0016366317868232727,1.0,0.3949912190437317,0.8854166865348816,1e-04,1.0,0.8909722208976746,0.0,0.002303202873913806,0.001879125871346332,0.3943443939089775,0.0007056411515164277,0.002897118940416604
729,0.001134962309151888,1.0,0.3926042318344116,0.8923611044883728,1e-04,1.0,0.8909722208976746,0.0,0.002303202873913806,0.0018861799995647742,0.39459422677755357,0.0006974135137231274,0.0024925996635097344
730,0.002690608147531748,1.0,0.39156845211982727,0.8888888955116272,1e-04,1.0,0.8909722208976746,0.0,0.002303202873913806,0.0019053119962336496,0.39462786018848417,0.0007137783571885961,0.002446582004488675
731,0.0022203130647540092,1.0,0.39176592230796814,0.8888888955116272,1e-04,1.0,0.8907986104488372,0.0,0.0023227495005362204,0.001872672201716341,0.3947312131524086,0.0006830402059788299,0.002273733810598532
732,0.0024410048499703407,1.0,0.39222103357315063,0.8923611044883728,1e-04,1.0,0.8907986104488372,0.0,0.0023227495005362204,0.0018612421379657462,0.39475725293159486,0.0006714225142763915,0.002241628186259725
733,0.0019411989487707615,1.0,0.3902108073234558,0.8888888955116272,1e-04,1.0,0.890625,0.0,0.002329228591226448,0.001883071826887317,0.3945944756269455,0.0006665521852073072,0.0024389726894745076
734,0.002244564238935709,1.0,0.3921279013156891,0.8854166865348816,1e-04,1.0,0.8904513895511628,0.0,0.0025692000233653546,0.001901081993128173,0.39444727897644044,0.0006711938651594983,0.002493938010729609
735,0.002501766663044691,1.0,0.3951226472854614,0.8888888955116272,1e-04,1.0,0.8904513895511628,0.0,0.0025692000233653546,0.001975566186592914,0.39443302154541016,0.0006507522065736899,0.002489216745496245
736,0.0022467495873570442,1.0,0.40007951855659485,0.8854166865348816,1e-04,1.0,0.8902777791023254,0.0,0.0027777671813964846,0.001996117751696147,0.39465710073709487,0.0006524992088883523,0.002769888772356067
737,0.0011588966008275747,1.0,0.40422767400741577,0.8888888955116272,1e-04,1.0,0.8902777791023254,0.0,0.0027777671813964846,0.002013351224013604,0.3951533794403076,0.0006250295341944344,0.003464027081000672
738,0.001570677850395441,1.0,0.40744340419769287,0.8854166865348816,1e-04,1.0,0.8899305582046508,0.0,0.00292573528818259,0.002027161928708665,0.3957056403160095,0.0006119062095524446,0.004378270173970269
739,0.001069906516931951,1.0,0.40787473320961,0.8888888955116272,1e-04,1.0,0.8897569477558136,0.0,0.002879003592392258,0.0019152675551595167,0.39644846469163897,0.0005707230773959746,0.005065638978845015
740,0.0036279596388339996,1.0,0.4220680594444275,0.8854166865348816,1e-04,1.0,0.889409726858139,0.0,0.002961572401974201,0.0020303368830354883,0.3980414092540741,0.0006646965701369208,0.0073481267416710535
741,0.0013669525505974889,1.0,0.42336297035217285,0.8888888955116272,1e-04,1.0,0.8892361164093018,0.0,0.00288423339432734,0.001961602209485136,0.3994161456823349,0.0006586372135700588,0.009161222972109376
742,0.0017849488649517298,1.0,0.4234465956687927,0.8819444179534912,1e-04,1.0,0.8885416716337204,0.0,0.0028842402111267473,0.0019554503582185135,0.40075450390577316,0.0006596830440050993,0.010518338729578863
743,0.0022321122232824564,1.0,0.41544339060783386,0.8784722089767456,1e-04,1.0,0.887847226858139,0.0,0.003489539882649115,0.0019645660155219956,0.4016739368438721,0.0006621786984492924,0.010949604863419912
744,0.0014782644575461745,1.0,0.41363683342933655,0.8784722089767456,1e-04,1.0,0.8871527820825577,0.0,0.00388206497846863,0.0019506120384903624,0.4024438962340355,0.0006693006254635481,0.011219008381830198
745,0.0015949682565405965,1.0,0.41632235050201416,0.8784722089767456,1e-04,1.0,0.8864583373069763,0.0,0.0041230402992017915,0.0019322401116369293,0.40341325998306277,0.0006737528988576967,0.011534283781618467
746,0.001769110094755888,1.0,0.41751930117607117,0.8784722089767456,1e-04,1.0,0.8859375029802322,0.0,0.004429641581320427,0.0019756500376388432,0.40436863005161283,0.0006326193085978577,0.011866984036075333
747,0.0019258937099948525,1.0,0.4177781343460083,0.8819444179534912,1e-04,1.0,0.8855902791023255,0.0,0.004456776932424907,0.0019318745180498809,0.4054907590150833,0.000603590249573984,0.012019860847683183
748,0.0014905869029462337,1.0,0.4219517111778259,0.8784722089767456,1e-04,1.0,0.8852430552244186,0.0,0.004719548241163147,0.0019245722738560288,0.40683878362178805,0.0006079853543101211,0.01227583051292621
749,0.0025224017444998026,1.0,0.4220263659954071,0.875,1e-04,1.0,0.884375,0.0,0.0049227323183722105,0.0019939442456234245,0.4083098903298378,0.0005928992575212201,0.012244748650912329
750,0.0018363497219979763,1.0,0.42081594467163086,0.8819444179534912,1e-04,1.0,0.8840277761220932,0.0,0.0048362540128392495,0.001951231324346736,0.40977226495742797,0.0005715591902926201,0.011899647560563036
751,0.0010572806932032108,1.0,0.4223516285419464,0.875,1e-04,1.0,0.8833333313465118,0.0,0.005079430315491899,0.0018930797057691961,0.4113015502691269,0.0005996961185966047,0.011443928483266723
752,0.0015817434759810567,1.0,0.41898924112319946,0.8819444179534912,1e-04,1.0,0.8828124970197677,0.0,0.0046422799958257014,0.001850116637069732,0.41263996064662933,0.0005895973402283126,0.010673513032532226
753,0.004317997023463249,1.0,0.42210912704467773,0.8819444179534912,1e-04,1.0,0.882465273141861,0.0,0.004429644034222912,0.001968956540804356,0.41423487663269043,0.0007985042151339567,0.009524181493809175
754,0.001690767938271165,1.0,0.4242241084575653,0.8819444179534912,1e-04,1.0,0.8822916597127914,0.0,0.004378313271422097,0.001941266725771129,0.41583968698978424,0.0007980687442167043,0.008287818566064954
755,0.0036737024784088135,1.0,0.4348045587539673,0.8715277910232544,1e-04,1.0,0.8814236044883728,0.0,0.00469392955625435,0.0019998635165393353,0.4178237825632095,0.0008762641208414139,0.007827824262564667
756,0.0026548905298113823,1.0,0.4311199486255646,0.875,1e-04,1.0,0.8809027701616288,0.0,0.0047987087641164295,0.002020270563662052,0.41937580406665803,0.0008864692576222381,0.007208503192722718
757,0.0013496172614395618,1.0,0.4300438165664673,0.8715277910232544,1e-04,1.0,0.8800347149372101,0.0,0.0048455843524925464,0.0020298065966926513,0.4206666111946106,0.0008781385688944537,0.0066718338976730265
758,0.001372527563944459,1.0,0.4305006265640259,0.8715277910232544,1e-04,1.0,0.8793402701616287,0.0,0.005016726121762357,0.0020198990823701024,0.42181947231292727,0.000884358532157996,0.00626713742869427
759,0.0016214137431234121,1.0,0.4295715391635895,0.875,1e-04,1.0,0.8786458253860474,0.0,0.004590029671418814,0.0020474744436796755,0.4229043126106262,0.0008626383062498623,0.005601970427314532
760,0.0015599514590576291,1.0,0.42956751585006714,0.8715277910232544,1e-04,1.0,0.877951380610466,0.0,0.004563683979290008,0.001944074034690857,0.4232792854309082,0.0007876804321882166,0.0057815582635793155
761,0.004325243644416332,1.0,0.41912904381752014,0.8715277910232544,1e-04,1.0,0.8770833253860474,0.0,0.004019372480721127,0.002091988589381799,0.4230675891041756,0.0009302723917792561,0.005851707078672233
762,0.001720726490020752,1.0,0.4153122901916504,0.8784722089767456,1e-04,1.0,0.87690971493721,0.0,0.0038781636614247566,0.0020887774706352504,0.4226608738303185,0.0009314368037206213,0.006089097567203503
763,0.002625559689477086,1.0,0.41217076778411865,0.8784722089767456,1e-04,1.0,0.87690971493721,0.0,0.0038781636614247566,0.0021084498439449817,0.4224972426891327,0.0009383853323720838,0.006320430924568468
764,0.0016222099075093865,1.0,0.4081643521785736,0.875,1e-04,1.0,0.8767361044883728,0.0,0.00388204765204408,0.0021156471164431425,0.4222236186265945,0.0009340663862956248,0.006798472023291057
765,0.0018099689623340964,1.0,0.4078533351421356,0.875,1e-04,1.0,0.8765624940395356,0.0,0.003878163661424756,0.002126397151732817,0.42180016785860064,0.0009292368286320464,0.0073907993746165765
766,0.0011153360828757286,1.0,0.40812841057777405,0.8784722089767456,1e-04,1.0,0.8765624940395356,0.0,0.003878163661424756,0.002093708451138809,0.42133062332868576,0.0009524400530917305,0.007926726922877563
767,0.0031137324403971434,1.0,0.4107455015182495,0.8819444179534912,1e-04,1.0,0.8765624940395356,0.0,0.003878163661424756,0.002153100387658924,0.4209789916872978,0.000976846461925124,0.00822682114714628
768,0.0017768796533346176,1.0,0.4115365147590637,0.875,1e-04,1.0,0.8763888835906982,0.0,0.0038664882802045353,0.002167415025178343,0.4204582318663597,0.0009691000967411927,0.008474674316024111
769,0.0013059698976576328,1.0,0.41567179560661316,0.875,1e-04,1.0,0.8763888835906982,0.0,0.0038664882802045357,0.0021065934328362347,0.42014050334692,0.0009829849125243416,0.008528874469806087
770,0.0013386552454903722,1.0,0.42155852913856506,0.8715277910232544,1e-04,1.0,0.8758680522441864,0.0,0.0037837520101222156,0.002081708709010854,0.42017763257026675,0.0009957283558217286,0.008533349280945667
771,0.0018373980419710279,1.0,0.42369911074638367,0.875,1e-04,1.0,0.8758680522441864,0.0,0.0037837520101222156,0.002120714576449245,0.4202450066804886,0.0009697758751462702,0.008555538450786552
772,0.0017365629319101572,1.0,0.4231182336807251,0.8784722089767456,1e-04,1.0,0.8756944417953492,0.0,0.0035748579396787683,0.0021284555492457,0.4204514563083649,0.0009660535478424521,0.008572545773983222
773,0.0009760970715433359,1.0,0.42313092947006226,0.8784722089767456,1e-04,1.0,0.8755208313465118,0.0,0.0033439734041666343,0.0019613605516497047,0.4205025464296341,0.0008555878848885546,0.008585308151386166
774,0.0015015939716249704,1.0,0.4211319386959076,0.8784722089767456,1e-04,1.0,0.8753472208976746,0.0,0.0030861668442863366,0.0019519018533173949,0.42034793794155123,0.0008595634991544019,0.008544642637613684
775,0.001697981613688171,1.0,0.4193469285964966,0.8784722089767456,1e-04,1.0,0.8756944417953492,0.0,0.0030270016080977723,0.0018531158100813627,0.41957505643367765,0.0007642542976763273,0.007874895472262354
776,0.001100215595215559,1.0,0.41779857873916626,0.8784722089767456,1e-04,1.0,0.8758680522441864,0.0,0.003081279799503252,0.0017753820633515716,0.41890898793935777,0.0007577881615289502,0.007420505260679544
777,0.0015547600341960788,1.0,0.41695207357406616,0.8784722089767456,1e-04,1.0,0.876215273141861,0.0,0.002961572401974201,0.0017856392019893973,0.4182544007897377,0.0007533310092651612,0.006973354232449719
778,0.0009917088318616152,1.0,0.41732391715049744,0.8784722089767456,1e-04,1.0,0.8765624940395356,0.0,0.0027939957548070494,0.0017665982653852553,0.4175955653190613,0.0007681980620971759,0.00638266345487569
779,0.0012989926617592573,1.0,0.4162242114543915,0.8784722089767456,1e-04,1.0,0.8767361044883728,0.0,0.0027993843726479037,0.0017504772113170475,0.4169281989336014,0.0007744334683996348,0.005763319180873981
780,0.0015241289511322975,1.0,0.41510602831840515,0.8784722089767456,1e-04,1.0,0.8770833253860474,0.0,0.002551542082001411,0.0017486860859207809,0.4162051245570183,0.0007749133257842682,0.004987124432812986
781,0.0011811910662800074,1.0,0.4141777753829956,0.8784722089767456,1e-04,1.0,0.877430546283722,0.0,0.00222329854564317,0.0015914834570139647,0.41595756113529203,0.0005098510402035555,0.004958645430171156
782,0.002437905641272664,1.0,0.4159635007381439,0.875,1e-04,1.0,0.8772569358348846,0.0,0.002270251206073329,0.0016273424145765603,0.41599012166261673,0.0005418934913619053,0.004956438978604126
783,0.001350357080809772,1.0,0.4143545925617218,0.8715277910232544,1e-04,1.0,0.87690971493721,0.0,0.0025692000233653546,0.0015635822841431946,0.4160993129014969,0.0004935558318043854,0.004894766510418237
784,0.0025989660061895847,1.0,0.42251789569854736,0.8715277910232544,1e-04,1.0,0.8767361044883728,0.0,0.0027993843726479037,0.0016124200890772044,0.41681699007749556,0.0005428087514034752,0.004728150678116692
785,0.0014555129455402493,1.0,0.42515066266059875,0.8680555820465088,1e-04,1.0,0.8763888835906982,0.0,0.003366431503461967,0.0015946972882375122,0.4176818564534187,0.0005418551076154855,0.004589396957431446
786,0.0019640286918729544,1.0,0.42709729075431824,0.875,1e-04,1.0,0.876215273141861,0.0,0.0033439734041666343,0.0016371319186873734,0.4186303004622459,0.0005358518319580929,0.004475725878981522
787,0.0016905971569940448,1.0,0.42447009682655334,0.8680555820465088,1e-04,1.0,0.8755208313465118,0.0,0.0035196280550071003,0.0015659751545172185,0.41931653022766113,0.00041617228676998474,0.004261205136145133
788,0.003180776722729206,1.0,0.4196857511997223,0.8715277910232544,1e-04,1.0,0.8753472208976746,0.0,0.0036250925980214786,0.0016361700079869479,0.4197239920496941,0.0005444513060647807,0.0038693963673453002
789,0.0021075857803225517,1.0,0.4137221574783325,0.8784722089767456,1e-04,1.0,0.8755208313465118,0.0,0.0036869235364206214,0.0016762508021201938,0.41962651014328,0.0005481612814624523,0.003992845055343439
790,0.0013606385327875614,1.0,0.4134036898612976,0.8819444179534912,1e-04,1.0,0.8760416626930236,0.0,0.0038194298744201657,0.0016773499664850533,0.41921876817941667,0.0005475048854276203,0.004186418262676446
791,0.0022559603676199913,1.0,0.41198965907096863,0.8888888955116272,1e-04,1.0,0.8767361074686051,0.0,0.004722722468634939,0.0016982780827675015,0.4186332955956459,0.0005610546711397371,0.004335048693261375
792,0.0010345489718019962,1.0,0.4130627512931824,0.8923611044883728,1e-04,1.0,0.8774305522441864,0.0,0.005820496382652963,0.0016631773847620933,0.4181305214762688,0.0005792269116336972,0.004368716066279366
793,0.003589390777051449,1.0,0.41648679971694946,0.8888888955116272,1e-04,1.0,0.8779513865709305,0.0,0.006333824976178475,0.0017938420700374992,0.41779831498861314,0.0006930667276487121,0.004226133690882276
794,0.000774350599385798,1.0,0.4279426336288452,0.8819444179534912,1e-04,1.0,0.8781249970197678,0.0,0.006393031395441646,0.0017574799014255405,0.41813884973526,0.0007257526968966916,0.004725880842993464
795,0.0014531357446685433,1.0,0.4335232377052307,0.8819444179534912,1e-04,1.0,0.878298607468605,0.0,0.006447021082752243,0.0017452376079745591,0.4188476651906967,0.0007287121305970578,0.0057959060832700965
796,0.0011816744226962328,1.0,0.43232786655426025,0.8819444179534912,1e-04,1.0,0.8784722179174423,0.0,0.00649592411315821,0.0017493105493485927,0.4195741295814514,0.0007253152995565007,0.006488107515757156
797,0.0014406773261725903,1.0,0.42997223138809204,0.8784722089767456,1e-04,1.0,0.8784722179174423,0.0,0.00649592411315821,0.0017436064139474184,0.42022513747215273,0.0007272688462908035,0.006836226666519991
798,0.0009667242411524057,1.0,0.42661479115486145,0.8784722089767456,1e-04,1.0,0.8784722179174423,0.0,0.00649592411315821,0.0017423571844119579,0.42068968117237093,0.0007285795845573324,0.006938207544325481
799,0.0013960880460217595,1.0,0.4245096445083618,0.8854166865348816,1e-04,1.0,0.8788194417953491,0.0,0.0066699136337322685,0.001747211953625083,0.4211039528250694,0.0007259277877739246,0.006906496067486872
800,0.00226474623195827,1.0,0.417453795671463,0.8888888955116272,1e-04,1.0,0.8793402761220932,0.0,0.007019981898924683,0.0017842428176663816,0.4212213411927223,0.0007324640969584323,0.00682300046491794
801,0.0021685005631297827,1.0,0.41792380809783936,0.8854166865348816,1e-04,1.0,0.8796875,0.0,0.007139190611451142,0.0018336082925088704,0.4214086428284645,0.0007233711586949189,0.006676926590978335
802,0.0011280245380476117,1.0,0.41754376888275146,0.8854166865348816,1e-04,1.0,0.8802083343267441,0.0,0.00715816458987851,0.0017681142373476178,0.4214876562356949,0.0007249896684863855,0.006621139591823673
803,0.0009792075725272298,1.0,0.4173901677131653,0.8854166865348816,1e-04,1.0,0.8809027791023254,0.0,0.006953115976558345,0.0017495567619334907,0.42163943499326706,0.0007400393730851255,0.006489367722970411
804,0.0013884499203413725,1.0,0.41741374135017395,0.8854166865348816,1e-04,1.0,0.8815972238779068,0.0,0.006669918753514674,0.00168903095764108,0.4213842272758484,0.0007172447316445262,0.006549885658744581
805,0.001534047070890665,1.0,0.41706758737564087,0.8854166865348816,1e-04,1.0,0.8824652791023254,0.0,0.005940951765563667,0.0016929576639086008,0.4209800735116005,0.0007161697097815252,0.00655439006342317
806,0.001664643525145948,1.0,0.416568785905838,0.8888888955116272,1e-04,1.0,0.8831597238779068,0.0,0.005838602325842506,0.0016779884055722505,0.42045364826917647,0.0007134711514322249,0.00646412106515238
807,0.0006510738166980445,1.0,0.4158787727355957,0.8888888955116272,1e-04,1.0,0.8842013895511627,0.0,0.004820645714193874,0.0016260122385574505,0.4200240820646286,0.000747702675934751,0.006468401299976844
808,0.0015377793461084366,1.0,0.4146464765071869,0.8923611044883728,1e-04,1.0,0.8852430552244186,0.0,0.004177511237259873,0.001543862369726412,0.41977211833000183,0.00065714177523152,0.0065739591071012175
809,0.002301209606230259,1.0,0.41752350330352783,0.8923611044883728,1e-04,1.0,0.8859375,0.0,0.004148549133350454,0.0015535435610217973,0.4199621856212616,0.0006667316738680029,0.006450079451305998
